GEOID,DISTRICT
1201100Q090,1
1201100U009,1
1201100U008,1
1201100C023,2
1201100D005,2
1201100D002,2
12009000516,3
12009000520,3
12009000517,3
12009000510,3
12009000313,3
12009000105,3
12009000100,3
12009000427,3
12009000410,3
12009000422,3
12009000135,3
12009000512,3
12009000525,3
12009000124,3
12009000125,3
12009000113,3
12009000506,3
1201100M024,2
12075000004,4
12075000ZZZ,4
12075000006,4
12075000002,4
12075000003,4
12075000008,4
12075000007,4
12045000003,5
12045000010,5
12119000130,6
12119000111,6
12119000113,6
12119000115,6
12119000112,6
12119000129,6
12057000707,7
12057000709,7
12057000951,7
12057000956,7
12057000557,8
12057000245,8
12057000555,8
12057000569,8
12057000247,8
12057000565,8
12057000014,8
12057000319,8
12057000318,8
12057000998,8
12057000116A,8
12031000140,9
12031000021,9
12086000348,1
12086000368,1
12086000360,1
12086000257,10
12086002581,10
12086000178,10
12086000241,10
12086000546,11
12086000582,10
12086000641,11
12009000527,3
12009000529,3
12009000108,3
12009000109,3
12009000428,3
12009000412,3
12009000322,3
12095000434,3
12009000118,3
12045000006,5
12045000005,5
12045000001,5
12045000002,5
12045000009,5
12037000001,5
12029000009,4
12055000023,12
1205500020N,13
12055000013,12
12055000010,12
1205500025D,12
12055000005,12
12055000022,12
12055000025,12
12055000017,13
1205500013L,13
12055000004,12
12055000002,12
1205500004A,12
12055000019,13
12055000016,12
1205500016A,12
12057000909,14
12057000932,14
12057000139B,14
12057000120,14
12057000901,14
12057000309,8
12057000535,15
12057000219,8
12057000159,8
12057000422,8
12057000457A,8
12057000423,8
12057000830,7
12057000834,7
12045000008,5
12045000007,5
12045000011,5
12045000004,5
12075000010,4
12055000012,13
1209300P-02,13
12055000021,12
12097000402,16
12097000403,16
12097000408,16
12097000420,16
12097000210,16
12097000410,16
12097000201,16
12097000211,16
12097000203,16
12097000112,16
12097000110,16
12097000523,3
12097000520,3
12097000506,3
12097000521,3
12097000522,16
12097000158,16
12097000300,16
12097000390,16
12097000105,16
12097000407,16
12097000451,16
12097000450,16
12097000401,16
12097000508,3
12097000504,3
12097000580,3
12097000400,16
12097000503,16
12097000202,16
12057000711,7
12057000754,7
12057000883,7
12057000969,8
12057000961,8
12057000973,8
12057000971,8
12057000012,7
12057000101A,8
12057000105A,8
12057000459,8
12057000463,8
12057000949,8
12057000713,12
12057000583,7
12057000595,7
12057000591,15
12057000585,7
12057000891,7
12057000721,7
12057000885,7
12057000889,7
12057000759,7
12057000755,12
12057000757,7
12057000160,8
12057000165,8
12057000301,8
12057000303,8
12057000307,8
12057000601,7
12009000114,3
12009000116,3
12009000134,3
12009000111,3
12009000112,3
12009000115,3
12009000106,17
12009000400,3
12009000403,3
12009000407,3
12009000417,3
12061000019,13
12061000005,3
12061000002,3
12061000017,13
12061000014,13
12061000016,13
12061ZZZZZZ,13
12061000015,3
12119000120,6
12119000118,6
12119000104,6
12119000103,6
12119000110,6
12119000114,6
12086000777,11
12086000727,11
12086000618,11
12086000627,11
12086000801,18
12086000856,18
12086000833,18
12086008391,18
12086000825,18
12086008390,18
12086000717,11
12086000543,10
12086000593,10
12086000997,10
12086009340,18
12086000888,18
12086000203,1
12105000225,12
12105000224,12
12105000514,12
12105000521,12
12105000513,12
12105000526,12
12105000307,12
12105000303,12
12105000540,3
12105000231,12
12105000233,12
12105000237,12
12105000238,12
12105000234,12
12105000235,12
12105000523,12
12105000527,12
12105000528,12
12105000229,12
12105000230,12
12105000517,12
12105000516,12
12105000250,12
12105000232,12
12105000251,12
12105000504,12
12105000501,12
12105000532,12
12105000531,12
12105000530,12
12105000329,12
12105000330,12
12105000323,12
12105000326,12
12105000336,12
12105000111,12
12105000110,12
12105000242,12
12105000215,12
12105000321,12
12105000327,12
12105000107,12
12105000301,12
12105000108,12
12105000411,16
12105000420,16
12097000412,16
12097000391,16
12097000307,16
12097000353,16
12097000309,16
12097000502,3
12097000505,3
12097000553,3
12097000552,3
12061000013,13
12061000029,3
12061000012,13
12061000022,13
12061000035,13
12061000023,13
12061000031,13
12119000123,6
12031000061,9
1200300003A,4
1200300002A,4
12007000019,4
12007000009,4
12043000009,13
12043000006,13
12043000007,13
12043000005,13
12043000013,13
12085000050,13
12085000026,13
12085000066,13
12029000004,4
12119000117,6
12105000522,12
12105000332,12
12105000105,16
12105000104,16
12105000103,16
12105000123,16
12105000124,12
12105000505,12
12105000509,12
12105000408,12
12105000314,12
12105000306,12
12105000409,12
12105000247,12
12105000244,12
12105000245,12
12105000507,12
12105000312,12
12105000310,12
12105000340,12
12105000117,12
12105000304,12
12105000313,12
12105000319,12
12105000338,12
12105000510,12
12105000334,12
12105000503,12
12061000003,3
12119000119,6
12119000102,6
12119000101,6
12119000108,6
12031000249,19
12031000079,9
12031000283,9
12031000109,19
12031000120,9
12021000067,20
12007000006,4
12021000108,20
12021000089,20
12021000134,20
12021000056,20
12021000072,20
12021000100,20
12021000086,20
12021000071,20
12021000118,20
12021000105,20
12021000104,20
12021000113,20
12021000021,20
12021000017,20
12075000009,6
120170100.1,6
12075000012,4
12075000020,4
12041000004,4
12075000001,4
12119000106,6
12119000105,6
12119000109,6
12119000127,6
12031000273,9
12031000241,4
12031000222,4
12031000281,9
12061000021,13
12061000025,13
12061000026,13
12061000009,3
12007000016,4
12055000015,12
12055000001,12
12055000003,12
12075000005,4
12075000013,4
12097000304,16
12097000200,16
12097000500,3
12097000501,3
12031000016,9
12031000142,9
12031000182,9
12031000178,9
12031000288,9
12031000186,9
12031000155,9
12031000123,9
12031000201,9
12031000145,9
12031000151,9
12031000027,9
12031000122,9
12031000096,19
12031000090,19
12001000009,4
12001000034,4
12001000036,4
12001000031,4
12001000023,4
12097000107,16
12097000104,16
12097000411,16
12097000160,16
12055000011,12
1205500017L,13
12061000010,3
12061000011,3
12061000027,13
12061000028,13
12061000030,13
12131000430,5
12131000340,5
12131000330,21
12131000320,21
12131000110,21
12057000633,7
12057000355,7
12057000929,14
12057000149,14
12057000905,14
12057000904,14
12057000927,14
12057000429,8
12057000430,8
12057000819,7
12057000867,7
12057000821,7
12057000131B,7
12057000813,7
12057000154,7
12057000702,7
12057000405,8
12057000225,8
12057000566,7
12057000559,7
12057000853,7
12057000852,7
12123000006,5
12123000003,5
12127000032,17
1205500015S,12
12055000024,12
12055000018,13
12057000857,7
12057000305,8
12057000107A,8
12057000347,8
12057000560,7
12057000317,8
12057000415,8
12057000106,7
12057000363,7
12057000673,7
12057000368,7
12057000223,8
12057000962,8
12057000953,7
12057000144,8
12057000136,8
12057000939,8
12047000002,4
12047000004,4
12131000230,5
12131000540,5
12131000310,21
12131000120,21
12131000420,21
12097000406,16
12097000152,16
12097000100,16
12097000151,16
12097000138,16
12063000011,5
1200300006A,4
1200300001A,4
1200300005A,4
12007000020,4
12057000135A,8
12061000034,13
12061000033,13
12061000004,13
12001000070,4
12001000011,4
12001000069,4
12001000066,4
12001000037,4
12001000050,4
12001000032,4
12001000013,4
12001000004,4
12001000053,4
12001000054,4
12061000024,13
12061000006,3
12061000007,3
12001000071,4
12001000049,4
12001000067,4
12001000038,4
12001000045,4
12031000183,9
12031000247,19
12031000280,9
12031000009,9
12031000228,9
12031000278,9
12031000030,9
12031000176,9
12031000127,9
12031000131,9
12031000250,19
12031000082,9
12086000705,11
12086000749,11
12086000747,18
12086000556,11
12086003450,11
12086000551,11
12086000462,11
12086005340,10
12086006580,10
12086005360,10
12086000142,10
12086000628,11
12086000965,11
12086000366,11
12086005880,10
12086005881,11
12086000589,10
12086000285,10
12031000078,9
12031000264,19
12031000168,9
12031000181,9
12031000054,19
12031000248,19
12031000028,9
12031000069,9
12021000112,20
12021000109,20
12021000107,20
12021000020,20
12021000127,18
12021000111,18
12021000135,20
12021000003,20
12029000008,4
12029000011,4
12027000003,22
12119000128,6
12119000107,6
12027000009,12
12027000016,22
12027000013,22
12031000134,9
12031000242,9
12083000037,4
12083000039,4
12083000042,4
12083000093,6
12083000071,6
12083000066,6
12083000021,6
12083000091,6
12083000105,6
12086000228,1
12086000913,18
12086000903,18
12086000642,11
12086000625,11
12086000616,11
12086000744,18
12086000951,18
12086000920,18
12086000426,11
12086000602,11
12086002812,11
12086002810,10
12086002811,10
12086000346,11
12086000383,11
12086000362,11
12086000848,18
12086000422,11
12086000418,11
12086000507,10
12086000505,10
12086000506,10
12086000910,18
12086000911,18
12086000343,11
12031000057,19
12031000279,9
12001000065,4
12001000001,4
12001000055,4
12086000242,10
12086000160,10
12086000243,10
12086000221,1
12086000295,1
12086000223,1
12086000226,1
12086000225,1
12086000230,1
12086000152,10
12086000144,10
12086000177,10
12086000129,10
12086002390,10
12086000579,11
12086000052,10
12086000051,10
12086000854,18
12086000822,18
12086000615,11
12086000953,18
12086000693,18
12086000694,18
12086000764,18
12086000451,11
12086000456,11
12086000445,11
12086000370,11
12086000812,18
12086000806,18
12086000810,18
12031000019,9
12031000244,9
12105000537,12
12105000539,12
12105000536,12
12105000533,12
12105000416,12
12105000525,12
12105000519,12
12105000216,12
12105000222,12
12105000214,12
12105000221,12
12105000213,12
12105000204,12
12105000209,12
12105000212,12
12105000210,12
12105000201,12
12105000116,12
12105000125,12
12105000403,16
12105000401,16
12105000421,16
12105000406,16
12105000404,16
12105000419,12
12105000412,16
12105000538,12
12105000541,12
12105000518,12
12105000506,12
12105000508,12
12031000051,19
12031000194,9
12031000197,9
12031000086,19
12031000269,9
12031000271,9
12031000004,9
12031000232,9
12031000292,9
12031000255,19
12001000028,4
12001000027,4
12001000058,4
12001000024,4
12001000059,4
12001000007,4
12001000008,4
12001000039,4
12086000311,1
12061000008,3
12086000259,10
12086006590,10
12086006591,10
12086000111,10
12086000099,10
12086000614,11
12086000611,11
12086000634,11
12086000798,18
12105000205,12
12105000121,12
12105000407,12
12105000405,12
12105000218,12
12105000309,12
12105000322,12
12105000316,12
12086000728,11
12086000928,18
12086000923,18
12086000759,18
12086000700,18
12086000425,11
12086000427,11
12086000284,10
12086007190,11
12086000720,11
12086000891,18
12086000905,18
12086000695,18
12086000794,18
12086000786,18
12086000851,18
12086008270,18
12086000702,18
12086000697,18
12086000565,10
12086000669,10
12086000566,10
12086005310,10
12086000276,10
12086002391,10
12031000103,19
12031000211,9
12031000275,9
12031000106,19
12057000567,7
12057000573,7
12057000207,8
12057000753,7
12057000635,7
12057000138,14
12057000948,14
12057000911,14
12057000150,14
12057000146,14
12057000037,8
12086000529,10
12086000980,10
12086000535,10
12086000940,18
12086000931,18
12086000901,18
12086000974,11
12086000971,11
12086004341,11
12086004340,11
12086000723,11
12086000716,11
12086000307,1
12086000713,11
12086000842,18
12086000463,18
12086000453,11
12086000298,11
12086000465,11
12086000557,11
12086000643,11
12086000603,11
12086000601,11
12086000575,11
12086000377,11
12086000448,11
12086000919,18
12086000895,18
12086000938,18
12086000939,18
12001000026,4
12001000015,4
12001000016,4
12001000064,4
12001000005,4
12001000068,4
12009000220,3
12009000226,3
12009000200,3
12009000239,3
12009000201,3
12009000240,3
12009000202,3
12009000214,3
12009000234,3
12009000102,3
12009000404,3
12009000205,3
12009000217,3
12009000303,3
12009000507,3
12086004300,11
12086004301,11
12086000224,1
12086000592,10
12086000526,10
12086000249,10
12086000632,11
12057000151A,8
12057000153A,8
12057000157,8
12057000221,8
12086000143,10
12086000461,18
12086000402,11
12086000721,11
12099000239,23
12099000240,23
12099000241,23
12099000087,13
12099000084,13
12099000083,13
12099000781,23
12099000780,23
12099000229,23
12099000213,23
12099000214,23
12099000727,23
12099000052,23
12099000172,23
12099000048,23
12099000046,23
12099000319,23
12099000318,23
12099000251,23
12099000581,24
12099000729,23
12099000726,23
12099000682,23
12099000689,23
12099000095,23
12099000643,23
12099000658,23
12099000641,23
12099000645,13
12099000303,23
12099000223,23
12099000273,23
12099000270,23
12099000283,23
12099000652,23
12099000656,23
12099000669,23
12099000731,23
12099000736,23
12099000253,23
12099000277,23
12085000003,13
12085000061,13
12061000032,13
12055000006,12
1205500002N,12
1205500004D,12
12057000943,8
12057000945,8
12057000960,8
12057000942,8
12057000959,8
12057000111,8
12057000175,8
12057000827,7
12057000344,8
12057000335,8
12057000338,8
12099000809,24
12099000874,24
12099000351,24
12099000886,24
12099000634,13
12099000638,13
12099000630,13
12099000751,23
12099000076,13
12099000072,23
12099000654,23
12099000361,24
12099000326,23
12085000063,13
12009000318,3
12009000219,3
12009000132,3
12009000223,3
12009000126,3
12009000315,3
12009000409,3
12009000522,3
12009000203,3
12009000231,3
12009000233,3
12009000208,3
12009000222,3
12009000509,3
12009000310,3
12009000323,3
12009000523,3
12009000502,3
12009000312,3
12009000320,3
12111000091,13
1211100091A,13
12111000085,13
12111000013,13
12111000028,13
1211100043A,13
12111000024,13
12111000006,13
1211100006B,13
12111000092,13
1211100006A,13
1211100006C,13
12086007071,11
12086007070,11
12086000970,18
12086000836,18
12086000604,11
12086000644,11
12086002660,10
12086000553,11
12086000552,11
12086002481,10
12086002480,10
12086000246,10
12086000001,25
12086000832,18
12086000646,11
12086004700,11
12086000447,11
12086000030,10
12086004370,11
12086004371,11
1208600463A,11
12086000394,1
12086000468,11
12086003411,11
12086003451,11
12086000347,11
12086003140,11
12086000395,11
12086000577,11
1200300004B,4
12099000181,23
12099000183,23
12099000853,23
12099000182,23
12099000659,23
12099000724,23
12099000719,23
12099000341,24
12099000339,24
12099000807,24
12099000806,24
12099000194,23
1209900NP02,23
12099000449,24
12099000452,24
12099000111,23
12099000108,23
12086000594,10
12086000595,10
12086000779,11
12086000778,11
12086000726,11
12086000521,10
12086000520,10
12086000514,10
12086000519,10
12086000126,10
12086000122,10
12083000086,6
12083000085,6
12083000074,6
12083000072,6
12083000069,6
12083000068,6
12083000067,6
12083000028,6
12083000029,6
12083000025,4
12083000035,6
12001000044,4
12001000047,4
12001000041,4
12105000228,12
12086000523,10
12086000979,18
12086000130,10
12086001381,10
12086001820,10
12086001821,10
12086000215,25
12086000216,1
12086000280,10
12086000706,11
12086000617,11
12086000626,11
12086000205,1
12086000356,1
12086000351,1
12086000482,18
12086000623,11
12086000636,11
12086000607,11
12086005330,10
12086000518,10
12086000667,10
12086000609,11
12009000316,3
12031000076,19
12031000295,19
12099000702,23
12099000885,23
12099000732,23
12099000728,23
12099000701,23
12099000873,23
12099000871,23
12099000872,23
12099000748,23
12099000208,23
12099000207,23
12099000857,23
12099000858,23
12099000259,23
12099000487,24
12099000448,24
12105000106,12
12105000114,12
12057000240,8
12057000241,8
12057000407,8
12057000947,8
12057000359,7
12057000047A,7
12086000007,10
12086000008,10
12086000770,18
12086000765,11
12086000349,1
12086000218,1
12123000014,5
12065000012,5
12123000010,5
12123000012,5
12057000625,7
12057000659,7
12057000321,8
12057000116B,8
12057000142,14
12057000933,14
12057000061,8
12057000233,8
12001000040,4
12001000051,4
12001000052,4
12001000020,4
12099000403,24
12113000014,21
12113000011,21
12113000007,21
12113000017,21
12113000042,21
12113000020,21
12113000033,21
12113000009,21
12113000001,21
12113000004,21
12113000002,21
12031000209,9
12031000157,9
12031000112,19
12031000125,9
12031000066,9
12009000306,3
12009000300,3
12083000099,6
12083000100,6
12083000108,6
12083000009,6
12083000010,6
12083000087,6
12083000022,6
12083000089,6
12083000103,6
12083000004,6
12083000032,6
12083000078,6
12083000014,6
12083000006,6
12123000002,5
12123000005,5
12123000007,5
12107000024,4
12107000027,4
12107000028,4
12057000704,7
12057000217,8
12057000946,14
12057000462,8
12057000504,8
12057000503,8
12057000579,7
12057000571,8
12107000037,19
12107000011,19
12037000005,5
12035000201,19
12035000215,19
12035000212,19
12035300000,17
12035310000,17
12035110000,19
12035130000,17
12035100000,19
12035940000,17
12035920000,17
12107000033,4
12049000011,12
12103000101,26
12103000219,26
12103000223,26
12103000218,26
12103000070,8
12049000007,12
12103000190,26
12103000269,26
12103000281,26
12103000102,26
12103000074,26
12103000155,26
12103000154,26
12113000026,21
12113000010,21
12113000006,21
12113000016,21
12057000067,8
12057000981,8
12057000076,8
12057000761,7
12057000817,7
12031000217,9
12107000023,4
12107000022,4
12107000021,4
12035000332,17
12035000331,17
12035000370,17
12035000372,17
12035000350,17
12035000371,17
12107000036,19
12107000039,19
12107000032,4
12107000003,6
12107000014,4
12105000413,12
12105000542,12
12105000207,12
12105000203,12
12105000333,12
12105000502,12
12105000511,12
12105000325,12
12105000324,12
12105000331,12
12105000410,12
12105000227,12
12105000315,12
12105000208,12
12105000524,12
12105000248,12
12125000010,4
12125000002,4
12111000046,13
12111000026,13
12111000051,13
12111000075,13
12111000017,13
12111000014,13
12111000015,13
12111000084,13
12111000021,13
1211100021A,13
12031000243,9
12031000056,19
12031000266,19
12031000039,9
12031000038,9
12031000088,19
12031000091,19
12031000150,9
12035000231,19
12107000002,6
12107000007,19
12113000027,21
12083000043,6
12083000036,6
12083000011,6
12083000084,6
12083000003,6
12083000012,6
12083000051,6
12083000047,6
12083000106,6
12083000026,4
12083000058,6
12083000060,6
12083000059,6
12113000029,21
12113000034,21
12113000036,21
12113000019,21
12113000028,21
12113000024,21
12107000025,4
12107000020,4
12107000016,4
12037000006,5
12037000003,5
12035000110,19
12035000107,19
12035000100,17
12035910000,17
12035000104,17
12113000008,21
12113000012,21
12125000008,4
12057000342,7
12057000806,7
12057000055,15
12035000130,19
12035000134,19
12107000018,4
12107000026,4
12107000035,4
12107000012,19
12107000001,6
12111000012,13
12111000073,13
12111000042,13
12057000855,7
12057000345,8
12057000131A,8
12057000145A,8
12057000935,14
12057000928,14
12057000151B,14
12057000087,14
12057000922,14
12057000924,14
12057000073,14
12057000931,14
12057000431,8
12057000658,7
12057000636,7
12083000005,6
12083000002,6
12083000064,6
12105000418,12
12086000947,18
12086000168,18
12009000235,3
12009000206,3
12009000408,3
12009000402,3
12009000304,3
12009000426,3
12009000511,3
12009000418,3
12113000013,21
12105000339,12
12105000402,12
12105000302,12
12105000239,12
12105000512,12
12111000082,13
12111000023,13
1211100082A,13
1211100082D,13
12111000056,13
12111000008,13
12111000019,13
12111000007,13
12111000040,13
12111000018,13
12086000135,10
12086000134,10
12086000136,10
12086000133,10
12099000830,24
12099000832,24
12099000803,24
12099000828,24
12099000829,24
12099000818,24
12099000409,24
12099000819,24
12099000626,13
12035000160,19
12035000161,19
12035000180,19
12035000290,19
12035000292,19
12035000133,19
12035000132,19
12035000211,19
12035000131,19
12035120000,19
12035000217,19
12035000210,19
12037000004,5
12083000070,6
12083000050,6
12083000018,6
12083000054,6
12083000053,6
12083000077,6
12083000046,6
12083000031,6
12083000101,6
12083000102,6
12083000109,6
12083000090,6
1209500240B,27
1209500240A,27
12095000226,27
1209500615A,16
12095000622,16
1209500615B,16
1209500616A,16
12095000227,27
12095000210,27
12009000505,3
12009000309,3
12009000209,3
12009000519,3
12009000513,3
12095000323,28
12095000336,28
12095000324,28
1209500316Z,28
12095000510,28
12095000511,28
12095000219,27
1209500220A,27
1209500220B,27
12095000104,27
12095000303,28
1209500342B,28
1209500301B,28
1209500301A,28
1209500433A,3
1209500433B,3
1209500433C,3
12095000222,27
12095000223,27
12095000218,27
12113000015,21
12091000012,21
12091000071,21
12091000076,21
12091000014,21
12091000023,21
12091000039,21
12091000052,21
12091000043,21
12091000047,21
12091000050,21
12086000966,18
12086000852,18
12086000960,18
12086000830,18
12086000834,18
12086008291,18
12086000831,18
12086008271,18
12086000342,11
12086000340,11
12086000933,18
12086000945,18
12086000509,11
12086005500,10
12086000549,11
12086000419,11
12086000420,11
12086000417,11
12086000233,1
12086000110,25
12086000104,25
12086001101,10
12086000125,10
12086000123,10
12086000254,10
12086000754,18
1209500430C,3
1209500430A,3
1209500430Z,16
12095000516,28
12095000502,28
12095000115,16
12095000128,16
12095000607,27
12095000617,27
12095000140,16
12097000101,16
1209500126A,16
12095000135,16
12095000124,16
1209500126Y,16
12095000133,27
1209500126Z,16
1209500440D,28
1209500440C,28
1209500431A,16
12095000432,3
1209500419A,16
1209500430B,16
1209500440B,28
1209500431Z,16
1209500430D,3
12095000627,27
12086000653,11
12086000146,10
12086000157,10
12086000159,10
12086000162,10
12086001610,10
12086000674,11
12086000621,11
12086000515,10
12086000824,18
12086008490,18
12009000406,3
12009000212,3
12009000213,3
12086005331,10
12086000502,10
12086000032,10
12086000811,18
12086000846,18
12099000406,24
12099000716,23
12099000717,23
12099000379,24
12099000672,23
12099000744,23
12099000031,23
12027000014,22
12009000500,3
12009000528,3
12009000314,3
12009000518,3
12009000103,3
12009000210,3
12086001380,10
12083000098,6
12083000063,6
120170110.1,6
120170110.2,6
120170103.1,6
120170103.2,6
120170403.1,6
12113000038,21
12113000021,21
12113000030,21
12057000887,7
12057000123,8
12099000418,24
12099000646,13
12099000639,13
12099000125,23
12099000179,23
12099000180,23
12099000NP3,23
12099000050,23
12099000761,23
12099000714,23
12099000188,23
12099000769,23
12099000185,23
12099000800,23
12099000801,23
12099000802,23
12099000040,23
120990000NP,13
12099000508,24
12099000519,24
12099000515,24
120170405.1,6
12089010101,9
12089010201,9
12089020101,9
12089020103,9
12089010200,9
12089020100,9
12089020102,9
12086000381,10
12086000400,10
12086000338,10
12086003690,1
12086000364,1
12086000516,10
12086000037,10
12086000570,10
12086000750,11
12086000751,11
12086000808,18
12086000809,18
12095000505,28
12095000503,28
12083000038,4
12083000023,4
12083000040,4
12083000082,6
12083000007,6
12083000056,6
12111000094,13
12111000031,13
12111000001,13
1211100094A,13
12111000052,13
12111000009,13
12111000998,13
12111000010,13
12099000281,23
12099000721,23
12099000522,24
12099000071,13
12099000069,13
12099000287,23
12099000049,23
12099000489,24
12099000509,24
12099000627,13
12099000628,13
12099000629,13
12099000624,13
12086000804,18
12086000331,10
12086000328,1
12086000803,18
12086000240,10
12086001721,10
12086002580,10
12086002611,10
12131000360,5
12131000530,5
12131000520,21
12131000410,21
12083000075,6
12089030201,9
12089030200,9
12089050100,9
12089030100,9
12089010100,9
12089020200,9
12089040101,9
12089040100,9
12089050102,9
12089050103,9
12089050101,9
12131000240,5
12131000130,21
12105000337,12
12105000112,12
12105000414,12
12105000236,12
12105000241,12
12105000415,12
12105000226,12
12105000118,12
12105000119,12
12105000535,12
12095000632,16
12095000633,16
12095000621,16
12095000529,28
12095000530,28
12095000111,27
12095000103,27
12095000214,27
1209500202B,27
1209500431X,28
1209500419B,16
1209500419Z,16
1209500339A,28
12095000321,28
1209500601A,28
12095000602,27
12095000629,28
12095000507,28
12095000508,28
12095000549,28
12095000318,28
1209500319A,28
12095000317,28
12095000238,27
12095000531,28
12095000235,27
12095000229,27
1209500544A,3
12095000120,16
12095000121,16
12095000412,28
12095000438,28
12095000415,3
1209500433Z,3
12095000416,3
12095000326,28
12095000302,28
12095000325,28
12095000408,28
12125000003,4
12107000009,4
12107000008,4
12037000007,5
12095000519,28
1209500522A,28
1209500504A,28
12095000604,27
12095000215,27
12095000603,27
12095000520,28
12095000521,28
12095000139,27
1209500130A,27
1209500131C,27
1209500138B,27
1209500130B,27
12095000414,3
1209500333A,28
1209500333Z,16
12095000543,3
12095000545,3
1211100028A,13
12111000041,13
12105000120,12
12105000529,12
12105000211,12
12091000034,21
12091000060,21
12091000051,21
12091000083,21
12091000082,21
12083000016,6
12067000004,4
12123000011,5
12123000008,5
12111000049,13
12111000071,13
12111000043,13
12103000132,26
12103000212,26
12103000244,26
12103000240,26
12103000211,26
12103000210,26
12103000136,26
12103000142,26
12103000145,26
12103000087,26
12049000006,12
12103000267,26
12103000146,26
12103000150,26
12103000170,26
12103000171,26
12103000166,26
12091000040,21
12091000069,21
12091000001,21
12091000025,21
12091000021,21
12091000019,21
12091000020,21
12091000073,21
120170109.1,6
120170109.2,6
120170108.1,6
12091000006,21
12095000225,27
12095000224,27
12095000134,16
12095000141,16
1209500630B,28
1209500630A,28
12095000631,28
1209500630Z,28
1209500630C,28
12095000328,28
12095000239,27
12095000209,27
12095000233,27
12095000234,27
12095000539,28
1209500435A,28
12095000403,28
12091000035,21
12091000056,21
12091000070,21
12091000080,21
120170305.2,15
120170305.1,15
12019070600,4
1209300P-07,13
1209300P-04,13
1209300P-01,13
1209300P-06,13
12095000410,28
12095000340,28
12095000315,28
12095000307,28
12095000306,28
12095000314,28
12095000322,28
12125000006,4
12125000001,4
12071000021,22
12071000115,22
12071000030A,22
12071000037,22
12071000084,22
12071000083,22
12071000119A,22
12071000113,22
12071000114,22
12071000110,22
12071000056,22
12071000091,22
12071000090,22
12071000135,22
12071000013B,20
12071000089,20
12071000078,20
12071000028,22
12071000097,22
12071000035,22
12071000218,20
12071000049,20
12071000003,20
12071000051B,20
12071000042B,20
12071000054,20
12071000025,20
12071000024,20
12071000104,22
12071000103,22
12071000096B,22
12071000026,20
12071000053,20
12071000058,20
12071000019,20
12115000094,14
12115000003,14
12115000071,14
12115000070,14
12081000219,14
12115000088,14
12115000095,22
12115000079,22
12115000106,22
12115000018,14
12091000054,21
12091000067,21
12091000030,21
12091000004,21
12091000042,21
12111000063,13
12111000060,13
12095000320,28
12095000337,28
12095000634,16
12095000538,28
12095000537,28
12095000536,28
12095000506,28
1209500138A,27
12095000132,27
1209500137A,16
1209500137B,16
120170400.1,6
120170202.2,6
120170202.1,6
120170206.1,6
120170200.1,6
120170201.1,6
120170402.1,6
12019041200,19
12019041400,19
12019040000,19
12019021600,19
12019021000,19
12019020600,19
12019070400,4
12019070200,4
12019060601,19
1201960601a,19
12019010600,4
12019011001,4
12019050000,4
1201950400a,4
12019050400,4
12019010200,4
12019050800,4
12019010000,4
12019060000,4
1201950601a,4
12019031000,4
1201960000a,4
12019041001,19
12023000025,4
12023000009,4
12019011201,4
12019011300,4
12019020200,9
120170101.1,6
120170104.1,6
120170301.1,15
120170302.1,15
120170302.2,6
12109000014,19
12109000017,19
12109000088,19
12109000041,19
12109000020,19
12109000030,19
12109000026,19
12099000678,23
12099000712,23
12099000718,23
12057000623,7
12057000913,14
12057000129B,14
12057000907,14
12057000152,14
12057000914,14
12057000205,8
12057000955,7
12079000010,5
12111000022,13
1211100022A,13
12111000016,13
1211100089J,13
1211100089K,13
1211100089O,13
1211100089Q,13
1211100089R,13
1211100089C,13
1211100089M,13
1211100089U,13
1211100089L,13
1211100089T,13
12111000089,13
1211100089E,13
1211100089P,13
1211100043B,13
1211100089I,13
1211100089D,13
1211100089N,13
1211100089G,13
1211100089A,13
1211100089S,13
1211100089H,13
1211100089B,13
1211100089F,13
12111000050,13
12103000024,26
12103000293,26
12103000292,26
12103000323,26
12049000002,12
12049000003,12
12103000177,26
12103000042,8
12103000066,8
12103000065,8
12103000051,26
12103000062,26
12103000050,26
12103000038,26
12103000039,26
12065000011,5
12065000010,5
12063000031,5
12063000027,5
12063000014,5
12063000006,5
12131000350,5
12029000010,4
12111000011,13
12103000327,8
12103000328,8
12103000325,26
12103000104,26
12103000216,26
12103000248,26
12103000119,26
12103000041,26
12103000034,26
12029000007,4
12029000001,4
12063000026,5
12063000022,5
12063000005,5
12057000584,7
12063000013,5
12063000025,5
12063000016,5
12063000003,5
12073001321,5
12073001311,5
12073005103,5
12073005204,5
12073002506,5
12073002507,5
12073003403,5
12095000304,28
12095000305,28
12095000614,27
1209500612B,27
12095000114,16
12095000623,16
12095000518,28
12095000514,28
12095000610,27
12095000527,28
1209500522B,28
12095000605,27
12019011200,4
12019011000,4
12019041401,19
12019070201,4
12019070000,4
12019021800,19
12019030200,4
12125000004,4
12073004458,5
12073004456,5
12073004408,5
12073004457,5
12065000007,5
12071000042A,20
12071000082,20
12071000022,20
12071000052,20
12019011600,9
12019011601,9
12019030400,4
12019011800,4
12019020400,19
12019012800,9
12095000424,16
12095000421,16
12091000008,21
12079000007,5
12079000006,5
12125000005,4
12023000020,4
12073005203,5
12073003475,5
12073003414,5
12073003473,5
12073001327,5
12073001255,5
12073001231,5
12073002307,5
12073004173,5
12023000023,4
12079000004,5
1201960600a,19
12015000087,22
12015000038,22
12015000072,22
12015000098,22
12015000096,22
12015000090,22
12015000036,22
12015000084,22
12015000016,22
12015000062,22
12015000018,22
12015000131,22
12079000005,5
12103000361,15
12103000205,26
12023000022,4
12023000013,4
12115000060,14
12115000057,14
12115000019,14
12115000039,14
12115000017,14
12115000016,14
12115000025,14
12103000222,26
12049000001,14
12103000333,8
12103000035,8
12103000182,26
12047000007,4
12111000083,13
1211100083A,13
12111000053,13
12023000017,4
12023000021,4
12023000005,4
12023000004,4
12115000081,14
12115000032,14
12115000037,22
12115000076,14
12115000035,22
12115000022,14
12115000059,14
12115000008,14
12115000007,14
12115000029,22
12111000038,13
1211100085A,13
12111000067,13
12103000200,26
12103000208,26
12103000300,26
12103000266,26
12103000265,26
12007000013,4
12103000199,26
12103000224,26
12015000103,22
12015000041,22
12015000068,22
12015000070,22
12015000008,22
12015000026,22
12015000003,22
12015000057,22
12015000055,22
12015000030,22
12071000005,22
12071000001,20
12071000002,22
12071000060B,20
12071000066,20
12071000122,20
12071000099,22
12071000046,22
12071000048A,22
12071000032,22
12071000112,22
12071000111,22
12071000055,22
12071000023,20
12071000124,20
12071000236,20
12071000120,20
12071000016,22
12071000117,22
12071000030B,22
12071000077A,20
12071000105,22
12071000116B,22
12071000063,22
12071000064,22
12103000011,26
12103000111,26
12103000164,26
12103000362,15
12103000055,26
12071000108,22
12071000109,22
12071000092,22
12071000087B,22
12071000045,20
12071000088,20
12071000304,20
12071000118A,20
12071000050,20
12071000043,20
12071000214,20
12071000040,20
12071000044,20
12115000108,22
12115000089,14
12115000033,22
12115000041,14
12115000078,22
12115000064,22
12115000098,14
12115000006,14
12071000029,22
12071000047,22
12071000079A,22
12099000363,24
12099000340,23
12099000868,23
12099000347,24
12099000606,24
12099000159,23
12099000166,23
12099000158,23
12099000156,23
12099000160,23
12099000476,24
12063000002,5
12063000007,5
12099000190,23
12103000288,26
12049000004,12
12049000005,14
12103000198,26
12103000037,26
12103000030,26
12103000093,26
12103000308,26
12103000311,8
12103000310,26
12103000309,26
12103000251,26
12103000026,8
12103000237,26
12103000238,26
12103000072,26
12103000077,8
12103000159,26
12071000094,22
12071000144,22
12071000087A,20
12071000014,22
12071000140,22
12071000067,22
12071000041,20
12071000061,20
12071000034,20
12071000076A,22
12071000008,22
12071000076B,20
12071000075,20
12071000106B,22
120170408.1,6
120170107.1,6
12073001257,5
12073001258,5
12073001259,5
12073003402,5
12073003453,5
12073003551,5
12073003507,5
12073003509,5
12073004167,5
12073004168,5
12073004161,5
12073004119,5
12071000015,22
12071000101,22
12071000018,22
12071000085,20
12071000305,20
12071000086,20
12071000119B,20
12071000217,20
12071000081,20
12071000068,22
12071000010B,20
12071000033,20
12071000007,22
12071000060A,22
12071000059,20
12015000024,22
12015000091,22
12015000127,22
12015000006,22
12015000094,22
12071000073,20
12099000370,24
12099000767,23
12099000773,23
12099000768,23
12099000464,24
12099000460,24
12099000776,23
12099000764,23
12099000320,23
12099000778,23
12099000783,23
12099000708,23
12099000706,23
12099000248,23
12099000005,13
12099000204,23
12099000762,23
12099000855,23
12099000759,23
12099000262,23
12099000261,23
12099000272,23
12099000314,23
12099000315,23
12071000017,22
12103000188,26
12103000047,8
12015000010,22
12015000022,22
12015000020,22
120170407.1,6
12087000033,18
12087000034,18
12087000014,18
12081000168,14
12081000235,14
12081000136,14
12081000158,14
12053000014,15
12053000009,15
12053000036,15
12081000202,14
12081000037,14
12081000048,14
12081000043,14
12081000179,14
12081000042,14
12081000241,14
12081000242,14
12081000238,14
12081000239,14
12081000240,14
12081000237,14
12133000003,5
12133000009,5
12127000093,17
12127000090,17
12127000095,17
12127000119,17
12127000148,17
12127000117,17
12127000182,17
12127000108,17
12127000118,17
12127000154,17
12127000087,17
12127000206,17
12127000205,17
12127000203,17
12127000221,17
12127000244,17
12127000217,17
12127000075,17
12127000058,17
12127000076,17
12127000074,17
12127000236,17
12127000257,17
12127000256,17
12127000248,17
12127000269,17
12127000219,17
12127000200,17
12127000013,17
12127000018,17
12127000188,17
12127000195,17
12033000114,21
12033000034,21
12033000077,21
12033000104,21
12033000231,21
12071000004,20
12127000121,17
12127000134,17
12127000125,17
12127000123,17
12127000192,17
12127000180,17
12081000003,14
12081000014,14
12081000206,14
12081000190,14
12081000077,14
12081000170,14
12081000118,14
12081000071,14
1209300P-05,13
1209300P-08,13
1209300P-09,13
12127000091,17
12127000080,17
12127000122,17
12127000077,17
12127000083,17
12127000137,17
12127000059,17
12081000120,14
12081000107,14
12081000105,14
12081000196,14
12081000193,14
12081000198,14
12033000128,21
12071000009,22
12071000074,22
12053000042,15
12091000032,21
12091000063,21
12071000080,20
12071000107,22
12073002363,5
12073002366,5
12073005225,5
12073001230,5
12073001251,5
12073002502,5
12073002504,5
12073004401,5
12073004455,5
12073003467,5
12073003457,5
12073005260,5
12073005258,5
12073005264,5
12073005263,5
12073001361,5
12073001362,5
12073001359,5
12073004103,5
12081000195,14
12081000049,14
12133000002,5
1213300004E,5
12133000026,5
12133000025,5
1213300009D,5
1213300007A,5
1213300004C,5
12087000020,18
12087000021,18
12087000019,18
12087000003,18
12087000009,18
12087000017,18
12073001203,5
12073001201,5
12073003101,5
12073002365,5
12073002358,5
12073004459,5
12069000041,27
12069220022,27
12069000004,17
12069000040,27
12069000033,27
12069000079,27
12069000076,27
12069000103,27
12069001060,27
12069000023,6
12069000236,6
12069000126,6
12069000018,6
12069000071,27
12069000095,6
12069000115,27
12069000058,6
12069000035,27
12069000054,27
12069000053,27
12115000096,22
12115000027,22
12087000025,18
12041000005,4
12069000057,6
12069000061,6
12069002000,6
12069000073,6
12069000091,6
12069000085,6
12069000128,6
12069000036,27
12053000006,15
12053000023,15
12053000010,15
12053000025,15
12053000017,15
12053000031,15
12053000038,15
12053000024,15
12053000022,15
12053000040,15
12053000034,15
12053000033,15
12053000019,15
12053000018,15
12133000007,5
12127000081,17
12127000212,17
12127000178,17
12127000170,17
12127000151,17
12127000181,17
12127000039,17
12127000026,17
12127000052,17
12033000255,21
12033000125,21
12033000102,21
12115000049,22
12069000011,27
12069330033,6
12069000016,6
12069000050,6
12069000069,27
12069000112,27
12069000013,27
12069000042,6
12069000220,6
12069000250,6
12069000026,6
12069000012,6
12069000064,6
12069000077,6
12087000007,18
12115000020,14
12115000073,22
12115000082,14
12115000075,22
12053000030,15
12053000015,15
12115000066,14
12073004403,5
12073001301,5
12073001302,5
12087000016,18
12091000027,21
12117000037,28
12117000038,28
12117000056,17
12117000076,28
12117000014,17
12117000073,17
12073003455,5
12073003109,5
12073003110,5
12073005105,5
12073005221,5
12073005251,5
12133000001,5
12015000012,22
12015000005,22
12015000004,22
12015000043,22
12073003459,5
12073005110,5
12073005219,5
12073001502,5
12043000008,13
12043000001,13
12043000010,13
12133000006,5
12115000048,22
12115000036,14
12069000008,27
12069000117,27
12069000052,6
12117000010,17
12117000013,17
12117000004,17
12117000024,28
12117000040,28
12117000020,28
12117000006,17
12117000055,17
12115000038,22
12115000080,14
12015000110,22
12015000067,22
12033000267,21
12033000263,21
12033000111,21
12033000055,21
12133000013,5
12133000023,5
1201100V048,25
1201100X003,25
1201100Q091,1
1201100X034,1
1201100C028,2
1201100C015,2
1201100R053,2
1201100D010,2
12081000025,14
12081000030,14
12081000088,14
12081000110,14
12081000192,14
12081000079,14
12081000080,14
12081000056,14
12081000013,14
12081000245,14
12081000022,14
12081000247,14
12081000244,14
12081000246,14
1209300P-11,13
12059000004,5
12059000006,5
12059000007,5
12053000037,6
12053000039,15
12081000122,14
12081000062,14
12081000085,14
12081000061,14
12081000108,14
1201100R032,25
12011000011,2
12011000009,1
1201100X024,1
1201100W012,1
1201100X051,1
1201100E003,2
1201100E004,2
1201100X033,1
1201100X011,1
1201100G003,2
12011000002,2
1201100D001,2
1201100D014,2
1201100V006,25
1201100C013,2
12059000002,5
12081000191,14
12081000018,14
12081000229,14
12081000228,14
12081000131,14
12081000130,14
12071000093,22
12071000139,22
12091000049,21
12069000106,16
12069000081,6
12069000047,6
12069000044,6
12085000045,13
12085000102,13
12053000028,15
12053000044,15
12053000001,6
12127000101,17
12127000153,17
12127000156,17
12117000039,28
12097000204,16
12097000103,16
12097000102,16
12097000351,16
12097000132,16
12097000111,16
12069000068,27
12069000118,27
12069000100,27
12069000028,27
12069000005,17
12069000087,6
12071000039,22
12071000010A,22
12127000249,17
12127000017,17
12127000199,17
12127000159,17
12127000169,17
12127000176,17
12127000034,17
12127000043,17
12117000060,17
12117000016,17
12069000021,6
12081000217,14
12081000069,14
12081000134,14
12069000275,6
12069000090,6
12069000092,6
12069000065,27
12069000038,27
12069000114,27
12069000029,27
12127000107,17
12127000109,17
12127000106,17
12127000157,17
12127000070,17
12069000031,27
12069000006,17
12127000102,17
12091000046,21
12091000038,21
12069000059,27
1209300P-03,13
1209300P-10,13
12069000062,27
12011ZZZZZZ,1
1201100Q064,1
1201100Q062,1
1201100V041,25
1201100V038,25
1201100V043,25
1201100U004,25
1201100R030,25
1201100R040,25
1201100V058,25
1201100R014,25
1201100R055,25
1201100E030,2
1201100W011,25
1201100Q082,25
1201100Q081,25
1201100V036,25
1201100Z002,25
1201100L016,25
1201100R051,25
1201100R064,25
1201100E007,2
1201100Q083,25
12087000029,18
12087000028,18
12081000057,14
12081000033,14
12081000096,14
12081000031,14
12081000236,14
12121000013,4
12127000009,17
12127000010,17
12127000085,17
12127000038,17
12081000156,14
12081000155,14
12133000004,5
12133000020,5
12103000086,26
12103000088,26
12103000307,26
12103000122,26
12103000275,26
12103000252,26
12103000116,26
12103000120,26
12103000123,26
12103000130,26
12103000287,26
12103000313,26
12103000230,26
12103000234,26
12103000068,26
12103000318,15
12051000001,13
12051000025,13
12051000014,20
12051000024,20
12051000012,13
12051000022,20
12051000013,20
12051000010,13
12051000018,13
12051000011,13
12051000007,13
1201100V016,25
1201100V011,25
1201100R037,25
1201100D015,2
12087000018,18
12069000119,17
12069000007,17
12069000107,6
12069000072,27
12069000120,27
12069000020,6
12069000127,27
12069000030,27
12117000043,28
12117000080,28
12117000058,28
1201100K003,2
1201100A012,24
1201100A019,24
1201100J003,2
1201100N009,2
1201100N025,2
1201100N015,25
1201100N014,25
1201100N024,25
12069000051,6
12129000009,5
12129000008,5
12127000218,17
12103000298,15
12103000018,26
12103000019,8
12103000090,26
12103000305,8
12103000304,26
12103000339,26
12033000097,21
12033000094,21
12033000025,21
12121000008,4
12103000235,26
12103000175,26
12103000176,26
12103000349,26
12103000186,26
12103000207,26
1201100A009,24
12011000012,2
1201100C010,2
1201100N022,25
1201100T024,1
1201100R060,25
1201100R018,25
1201100R033,25
1201100R034,25
1201100V021,25
1201100M004,2
1201100L009,2
1201100L011,2
1201100N002,25
1201100N019,25
1201100N008,25
1201100G006,2
1201100G014,2
1201100K004,2
1201100D009,2
1201100K005,2
1201100H001,2
1201100H009,2
1201100H003,2
1201100J011,2
1201100M002,2
1201100X038,1
1201100F001,2
1201100C009,2
12127000002,17
12127000001,6
1201100X010,1
1201100U006,1
1201100L006,25
1201100Q070,1
1201100T017,1
1201100A001,24
12103000046,8
12103000253,26
12103000353,8
12103000016,26
12086000837,18
12086000733,18
12086000788,18
12086000715,11
12086000714,11
12086004381,11
12086004380,11
12086000472,11
12086000330,11
12086000414,11
12086000558,11
12101000170,7
12101000204,7
12101000020,7
12101000007,7
12101000071,15
12101101086,7
12101000212,7
12101000208,7
12101000173,7
12101000198,7
12101000190,7
12101000004,7
12101000001,7
12101000031,7
12101000141,7
12101000091,15
12101000090,15
12101000113,15
12101101106,15
12101000213,15
12101100111,15
12101000195,15
12101000070,7
12101000014,7
12101000010,7
12069000121,6
12069000067,27
12069000225,6
12069000122,27
12069000070,27
12086000278,10
12086000640,11
12086000771,18
12086000548,11
12086000606,11
12086000739,18
12086008491,18
12086000649,11
12086000376,11
12086000613,11
12086000612,11
12086000332,1
12086000334,1
12086000392,1
12101000012,15
12081000075,14
12081000074,14
12081000024,14
12081000141,14
12101000111,7
12101000099,15
12101000019,15
12101000089,15
12101000015,15
12101000082,15
12101000174,7
12101000161,15
12101000199,15
12101000106,15
12101000193,15
12101102001,7
12101101019,7
12101000043,15
12101000128,15
12101000194,15
12101000057,15
12109000073,19
12109000013,19
12109000065,19
12109000085,19
12109000072,19
12109000011,19
12109000012,19
12109000025,19
12109000043,19
12109000042,19
12069000116,27
12069000224,6
12069000214,6
12069000039,27
12069000101,27
12081000164,14
12081000126,14
12081000222,14
12081000135,14
12101000175,7
12101000110,7
12101000081,15
12101000157,15
12101000137,7
12101103063,7
12101000153,15
12101000166,15
12101000037,15
12101000092,15
12101103023,15
12101103033,15
12101000024,15
12101000207,7
12101000172,7
12101000023,7
12101102069,7
12101104006,7
12101113069,7
12101105006,7
12101103006,7
12101111069,7
12101000066,15
12101000216,15
12101101008,15
12101000042,15
12129000001,5
12103000335,15
12103000334,15
12103000140,26
12103000079,26
12103000001,26
12103000006,26
12103000332,15
12103000117,26
12103000010,8
12081000034,14
12103000204,26
12103000250,26
12103000194,26
12103000206,26
12103000083,26
12103000258,26
12109000029,19
12109000031,19
12109000032,19
12109000046,19
12109000081,19
12109000054,19
12109000052,19
12109000076,19
12109000049,19
12109000091,19
12109000006,19
12109000058,19
12109000068,19
12013000302,5
12035000150,19
12035000151,19
12035000141,19
12035000142,19
12035000140,19
12035000241,19
12035000240,19
1201100D016,2
1201100R002,2
1201100M025,1
1201100M001,2
1201100L001,2
1201100M015,2
1201100R013,2
1201100X028,1
1201100T029,25
12101105069,7
12101112069,7
12101000187,15
12101101063,7
12101102063,7
12101000196,7
12077000006,5
12013000501,5
12013000101,5
12077000004,5
12013000502,5
1201100C007,2
1201100C030,2
1201100J008,2
1201100W018,1
1201100T003,25
1201100R059,25
1201100P003,25
1201100R025,25
1201100D007,2
1201100E011,2
12011000021,2
1201100G011,2
1201100F010,2
1201100E006,2
1201100E008,2
1201100E020,2
1201100R069,25
1201100E001,2
1201100T001,25
1201100T014,25
1201100T005,25
1201100J002,2
1201100J015,2
1201100J018,2
1201100J023,2
1201100A020,2
1201100C026,2
1201100R035,25
12103000005,26
12103000020,26
12103000289,26
12103000290,26
12103000282,26
12103000193,26
12103000049,26
12103000032,26
1201100X023,1
1201100X020,1
1201100X046,1
1201100X019,1
1201100M030,2
1201100M022,2
1201100C034,24
1201100A022,24
1201100Q060,1
1201100Q065,1
12103000169,26
12103000098,26
12103000057,26
12103000004,26
12103000314,26
12103000271,26
12103000172,26
12103000168,26
12103000160,26
12103000129,26
12077000003,5
12077000008,5
1201100V027,25
1201100H004,2
12005000027,5
12005000012,5
12005000011,5
12005000026,5
12005000031,5
12103000262,26
1201100V044,25
1201100C031,2
1201100C035,2
1201100M027,2
1201100M028,2
1201100T015,1
1201100R044,25
1201100R054,25
1201100C024,2
12109000047,19
1201100B002,24
1201100X030,1
12033000165,21
12033000070,21
12033000253,21
12033000024,21
12103000246,26
12103000100,26
12095000112,27
1209500108A,27
1209500512A,28
1209500512B,28
12095000203,27
12095000213,27
12081000008,14
12081000067,14
12081000073,14
12117000005,17
12117000069,17
12117000028,27
12095000546,27
12095000513,28
12095000205,28
12095000206,27
12117000072,28
12117000047,28
12117000030,27
12117000068,28
1201100M019,2
1201100M012,2
1201100M009,2
1201100V032,25
1201100V020,25
1201100W023,1
12059000001,5
12059000008,5
12013000301,5
12013000402,5
12013000503,5
12077000005,5
12103000040,26
1201100B004,24
1201100T020,1
1201100L004,2
12103000360,15
12099000036,13
12099000655,23
12099000132,23
12099000047,23
12099000028,23
12099000670,23
12099000664,23
12039000019,5
12039000018,5
12039000021,5
12039000022,5
12039000035,5
12039000043,5
12005000016,5
12005000004,5
12005000025,5
12005000028,5
12005000001,5
12005000040,5
12005000022,5
12005000024,5
12005000021,5
12005000017,5
12005000029,5
12069570057,27
12069000078,27
12069000017,6
12069000105,16
12067000001,5
12079000003,5
12079000008,5
1201100M014,2
1201100M029,2
12005000010,5
12005000018,5
12005000019,5
12005000036,5
12005000033,5
12005000037,5
12107000005,4
12107000004,4
1201100W019,1
1201100F006,2
1201100K011,2
12011000022,1
1201100W020,1
1201100W021,1
12011000008,25
1201100U011,1
1201100R052,2
1201100J010,2
1201100S008,25
1201100T016,25
1201100R047,25
1201100V055,25
1201100S005,25
1201100T027,25
12121000015,4
12121000005,4
12121000001,4
12117000046,28
12117000048,28
12117000026,27
1201100M005,2
1201100M031,2
1201100V042,25
1201100X001,25
1201100V037,25
1201100J004,2
1201100N001,25
1201100T012,25
1201100T025,25
1201100V024,25
1201100V023,25
1201100Q051,25
12011000024,25
1201100V057,25
1201100V053,25
1201100U010,1
1201100S004,25
12121000006,4
12011000003,2
1201100G002,2
12077000007,5
1201100R004,2
1201100Y006,25
1201100A023,24
1201100A024,2
1201100G016,2
1201100E019,2
1201100E014,2
12069000056,27
12069000141,16
12069000109,16
12099000535,24
12099000609,24
12099000015,13
12099000594,24
12099000399,24
12099000875,24
12099000402,24
12099000404,24
12099000317,23
12099000310,23
12099000282,23
12099000316,23
12099000268,23
12099000553,24
12037000008,5
12035000291,19
12035510000,17
12035500000,17
1201100C002,2
1201100L015,25
1201100Z001,25
1201100R028,25
12099000443,24
12041000006,4
12129000012,5
1201100S009,25
1201100L010,2
1201100K009,2
1201100N004,25
1201100T002,25
1201100T019,1
12005000044,5
12005000042,5
12005000038,5
12005000039,5
12005000032,5
12005000023,5
12005000020,5
12005000003,5
12005000030,5
12005000006,5
12005000005,5
12005000002,5
12051000016,20
1201100V040,25
1201100V050,25
1201100L007,2
1201100D004,2
1201100D006,2
1201100E015,2
1201100E024,2
1201100G012,2
1201100G004,2
1201100X032,1
1201100J019,2
1201100H008,2
1201100V004,25
1201100R009,2
12005000014,5
12005000008,5
12005000007,5
1201100R050,25
1201100R049,25
1201100R065,25
1201100R066,25
1201100G008,2
1201100G009,2
1201100P002,25
12127000161,17
12127000160,17
12127000028,17
12127000040,17
12127000049,17
12127000051,17
12127000050,17
12127000037,17
12127000237,17
1201100L008,25
1201100R048,25
1201100X008,1
1201100X016,1
1201100T013,25
12039000012,5
12039000013,5
12069000252,27
12069000111,27
12069000093,6
12069000001,6
12039000047,5
12039000024,5
12101000078,15
12101000218,15
12101000140,7
12101000130,15
12101000030,7
12101101033,15
12005000015,5
12005000043,5
12005000034,5
12047000003,4
12117000018,27
12117000008,17
12117000012,27
12117000009,17
12005000041,5
12013000202,5
12109000036,19
12109000038,19
1201100D008,2
12021000046,20
12021000117,20
12021000120,20
12021000005,20
12021000040,20
12021000050,20
12021000114,20
12021000078,20
12021000073,20
12009000325,3
12009000326,3
12009000327,3
12009000301,3
12009000328,3
12009000237,3
12021000019,20
12021000042,20
12021000066,20
12021000131,20
12021000023,20
12021000022,20
12021000103,20
12021000102,20
12021000098,20
12021000101,20
12021000076,20
12021000128,20
12021000069,20
12021000053,20
12021000121,20
12021000070,20
12021000035,20
12021000122,1
12021000026,20
12021000116,20
12021000124,20
12021000123,20
12021000062,20
12021000051,20
12021000010,20
12055000020,13
12009000521,3
12009000307,3
12009000308,3
12009000414,3
12009000436,3
12009000136,3
12021000099,20
12021000085,20
12021000015,20
12021000093,20
12021000045,20
12021000013,20
12009000515,3
12009000434,3
12009000405,3
12009000421,3
12009000416,3
12009000420,3
12009000415,3
12009000437,3
12009000211,3
12009000238,3
12009000216,3
12055000008,12
12055000007,12
12009000227,3
12009000129,3
12009000207,3
12085000014,13
12097000134,16
12097000251,16
12097000302,16
12097000308,16
12097000301,16
12097000352,16
12097000135,16
12097000159,16
12097000154,16
12085000013,13
12085000049,13
12085000039,13
12085000035,13
12085000100,13
12085000042,13
12065000001,5
12065000005,5
12065000006,5
12065000008,5
12065000009,5
12073002305,5
12073002303,5
12073004453,5
12073004125,5
12073001317,5
12073001319,5
12085000055,13
12085000025,13
12085000027,13
12085000030,13
12117000019,28
12117000071,28
12073001313,5
12073001303,5
12073005207,5
12073005209,5
12073004451,5
12063000030,5
12057000554,8
12057000575,8
12057000912,14
12057000820,7
12057000218,8
12057000227,8
12057000329,8
12057000161,8
12057000070,7
12057000411,8
12057000413,8
12057000502,8
12057000500,8
12123000013,5
12089050302,9
12089050300,9
12057000118,8
12057000972,8
12057000512,15
12057000613,7
12057000769,7
12057000765,7
12057000763,12
12057000816,7
12057000137A,8
12063000028,5
12105000246,12
12057000169,8
12057000209A,8
12057000079,7
12057000122,7
12057000750,7
12057000751,7
12057000869,7
12057000875,7
12057000868,7
12105000220,12
12105000217,12
12105000243,12
12105000109,12
12089050400,9
12089040300,4
12089040200,9
12001000033,4
12001000012,4
12001000042,4
12001000014,4
1201100R067,25
1201100G015,2
1201100E010,2
1201100S001,25
1201100S002,25
1201100S007,25
12075000011,4
12007000017,4
12007000011,4
12063000004,5
12001000056,4
12001000019,4
12001000046,4
12001000048,4
12061000020,13
12086000813,18
12086000217,1
12086000269,1
12086000365,1
1201100R021,25
1201100R057,25
1201100R022,25
1201100P006,25
1201100W024,25
1201100X018,1
12057000135B,8
12057000944,8
12057000147,7
12001000010,4
12027000007,22
12057000139A,8
12119000121,6
12061000018,13
12057000519,8
12057000517,8
12057000237,8
12057000507,8
12057000137B,8
12057000140,8
12057000134,8
12057000145B,8
12057000128,8
12057000094,8
12057000097,14
12057000213,8
12057000451,8
12001000035,4
12121000002,4
12121000003,4
12007000005,4
12007000015,4
12083000095,6
12083000065,6
12086000760,18
12086000753,18
12086000374,11
12086000371,11
12086000373,11
12086000487,11
12086000853,18
12086000572,10
12086000564,10
12086000793,18
12086000522,10
12086000256,25
12086000316,1
12086000471,11
12086000353,11
12086004401,11
12086000423,11
12086000454,11
12086000599,10
12086000703,18
12086000410,11
12086000409,11
12086000458,11
12086000191,18
12086000757,18
12086000857,18
12086000738,18
1205500009N,12
12083000111,6
12083000052,6
12083000079,6
1201100K001,2
1201100W013,1
1201100R043,25
1201100V005,25
12086000823,18
12086000847,18
12086000574,11
12086000672,11
12086004310,11
12086004311,11
12086000282,10
12057000077,14
12057000605,7
12057000066,15
12057000970,8
12057000966,8
12086000112,10
12086000797,18
12086000699,18
12086000389,1
12086000227,1
12086000608,11
12086003000,1
12086000326,11
12086000297,11
12086000149,10
12086000469,11
12086000156,10
12086000904,18
12086000167,18
12086000584,11
12086000524,10
12086000563,10
12086000993,10
12086000210,25
12086000209,25
12086000009,10
12086000010,10
12086000163,10
12086000153,10
12086000154,10
12086000412,11
12086000488,11
12083000033,6
12083000015,6
12083000034,6
12086000303,1
12086000909,18
12086000115,10
12086000121,10
12086000028,10
12086000729,11
12086000503,10
12086000315,1
12086000800,18
12086000916,18
12086000900,18
12086000792,18
12086000769,18
12086000914,18
12086000235,1
12086000924,18
12086000841,18
12086000198,18
12086000776,18
12086000859,18
12086000696,11
12086007191,11
12086000915,18
12086000704,11
12086004130,11
12083000096,6
12086000935,18
12086000344,11
12086000309,1
12086000245,10
12086002502,10
12086002501,10
12086000890,18
12086009910,11
12086000554,11
12083000110,6
12083000008,6
12086000310,1
12086000145,10
12086000561,11
12086000213,1
12083000030,6
12083000044,6
12083000073,6
12083000094,6
12001000030,4
12031000276,9
12031000139,9
12031000085,9
12031000235,9
12031000258,19
12031000162,9
12031000204,9
12031000049,19
12031000190,9
12086000390,1
12086000363,1
12086000270,1
12086000018,10
12086000019,10
12086000752,11
12086000791,18
12086000814,18
12086000560,11
12001000018,4
12031000253,19
12031000072,9
12031000240,9
12031000012,9
12031000160,9
12123000001,5
12083000045,6
12086000041,10
12086004390,11
12086004670,11
12086004391,11
12086004671,11
12097000303,16
12031000274,9
12001000006,4
12086000541,10
12086000568,10
12086000312,1
12086000999,10
12099000348,24
12099000337,24
12099000368,24
12099000558,24
12099000846,23
12099000120,23
12099000061,23
12099000060,23
12099000456,24
12099000461,24
12086004400,11
12086000708,11
12086000333,11
1209500618C,16
1209500618A,16
1209500618B,16
12095000620,16
12031000188,9
12031000113,19
12031000284,9
12031000291,19
12031000226,9
12031000166,9
12031000207,9
12113000039,21
12086000807,18
12086000335,11
12086002510,10
12086000325,1
12086000120,10
1209500616B,16
1209500616C,16
12027000010,22
12055000014,13
12027000006,22
12083000062,6
12083000081,6
12083000055,6
12086000029,10
12086000701,18
12086000782,18
12099000488,24
12099000503,24
12099000501,24
12099000814,24
12099000321,23
12099000436,24
12099000434,24
12099000882,24
12099000506,24
12099000495,24
12099000884,24
12099000445,24
12099000571,24
12099000444,24
12095000228,27
12095000231,27
12095000230,27
12095000509,27
1209500201A,27
12095000624,27
12095000625,27
12095000626,27
12095000606,27
12095000613,27
12031000025,9
12031000198,9
12031000268,19
12031000119,9
12031000212,4
12031000161,9
12031000174,9
12031000074,19
1209500105A,27
1209500105B,27
12095000106,27
1209500202C,27
1209500202A,27
1209500202Z,27
12095000216,27
12095000547,27
12095000207,27
12095000204,27
12095000119,16
120170103.3,6
120170402.2,6
12083000019,6
12083000107,6
12083000048,6
12031000121,9
12031000220,4
12095000236,27
1209500441B,16
12095000129,27
1209500342A,28
12095000402,28
12095000401,28
12095000411,28
1209500312B,28
12095000501,28
1209500601Z,28
12086000103,25
12086000511,10
12086000862,18
12086003980,11
12086000164,10
12099000813,24
12099000391,24
12099000507,24
12099000544,24
12099000511,24
120170200.2,6
120170300.2,6
120170300.3,6
120170404.1,6
12031000005,9
12031000260,19
12031000236,9
12031000167,9
12031000221,9
12031000070,9
12031000251,19
12031000110,19
12031000192,9
12095000628,27
1209500110B,27
1209500110A,27
1209500109A,27
12095000524,28
1209500330A,28
12095000423,16
12095000136,16
12099000352,23
1209900NP30,24
12099000675,23
12099000677,23
12099000640,13
12099000647,13
12099000607,13
12099000636,13
12099000671,23
12099000667,23
12099000534,24
12099000065,23
12099000057,23
12099000053,23
12099000033,23
12099000191,23
12099000196,23
1209900NP33,23
12095000427,16
12095000426,16
12041000010,4
12031000068,9
12099000485,24
12099000477,24
1209500319C,28
1209500439A,28
12095000102,27
1209500101A,27
12095000429,16
12095000420,16
12095000107,27
12095000221,27
1209500439B,28
1209500108B,27
12095000517,28
12057000325,8
12057000957,8
12057000815,7
12057000577,8
12047000001,4
12099000211,23
12099000826,24
12099000430,24
12099000432,24
12099000439,24
12099000422,24
120170307.1,15
12099000549,24
12099000521,24
12099000815,24
12099000816,24
12099000383,24
1209500319B,28
1209500417A,28
12095000418,28
1209500417Z,28
1209500201B,28
12079000011,5
12079000001,5
12023000012,4
12099000109,23
12099000107,23
12099000102,23
12099000105,23
12099000625,13
12099000633,23
12099000623,13
1209900NP22,13
12031000263,19
12031000214,9
12067000005,4
12079000009,5
12099000177,23
12099000136,23
12099000154,23
12099000157,23
12099000189,23
12099000142,23
12099000162,23
12099000145,23
12099000478,24
12099000710,23
12099000713,23
12099000271,23
12099000017,13
1209500441A,16
12095000532,28
12095000528,28
12095000548,28
12095000341,28
12095000334,28
12095000217,27
12057000403,8
12095000515,28
120170205.1,6
120170204.1,6
12099000600,24
12099000616,24
12099000468,24
12099000473,24
12099000598,24
12099000137,23
12099000151,23
12099000150,23
12099000252,23
12099000827,24
120170301.2,6
120170105.1,6
12057000119B,7
12057000950,7
12057000239,8
12057000550,8
12057000127,8
12057000125A,8
12057000133A,8
12019071000,4
12019060100,4
1201960100a,19
12019061200,4
12019070801,4
1201971000a,4
1201961200a,19
12113000032,21
12099000471,24
12099000601,24
12099000610,24
12099000528,24
12099000465,24
12099000466,24
12099000578,24
12099000579,24
12099000442,24
12099000417,24
12099000155,23
1209900NP31,23
12099000407,24
12099000876,24
12099000567,24
12099000577,24
12099000687,23
12099000178,23
12099000051,23
12057000117,8
12057000511,8
12057000862,7
12057000103A,8
12057000098,8
12057000876,7
12095000237,27
1209500526B,28
1209500526A,28
1209500525A,28
12057000505,8
12057000531,15
12057000108A,8
12057000552,8
12057000343,7
12057000346,7
12057000858,7
12057000856,7
12073002359,5
12073002451,5
12057000249,8
12057000250,8
12057000095,14
12115000065,14
12115000028,22
12115000013,14
12115000062,22
12115000011,14
12115000077,22
12115000050,22
12115000067,14
12115000074,14
12047000005,4
12115000051,22
12115000045,14
12115000101,22
12115000087,14
12115000047,22
12073005201,5
12073004163,5
12073001355,5
12073001205,5
12073003513,5
12073003409,5
12073003411,5
12019050601,4
12019050603,4
12019041000,19
12019041002,19
12019011302,4
12019011303,4
12019011501,4
12023000006,4
12111000047,13
12111000066,13
12111000065,13
12007000004,4
1209500608B,27
12095000609,27
12103000247,26
12103000366,15
12103000358,15
12103000296,15
12103000270,26
12103000273,26
12023000015,4
12019061000,19
12071000095,22
12023000024,4
12023000010,4
12023000011,4
1209500608A,27
12095000523,28
12095000309,28
12095000310,28
12015000045,22
12015000023,22
12071000126,20
12071000079B,20
12071000098,22
12089020300,9
12089020301,9
12089030102,9
12089030300,9
12023000002,4
12019040801,19
12019040800,19
12019012200,19
12019040601,19
12015000065,22
12071000102B,22
12071000151,22
12115000043,14
12115000024,14
12115000105,14
12115000004,14
12115000100,14
12115000061,14
12089020400,9
12089020403,9
12089020402,9
12089020401,9
12089030101,9
12089050301,9
12057000651,7
12057000650,7
12057000626,7
12057000652,7
12057000622,7
12057000088,8
12057000075,8
12057000455,8
12057000631,7
12015000113,22
12015000027,22
12071000121,20
12071000036,20
12071000065B,22
12087000032,18
12087000011,18
12087000001,18
12087000024,18
12087000030,18
12095000329,16
12091000066,21
12071000123,20
12071000302,20
12071000125,20
12071000011,20
12071000072,20
12095000116,16
12095000313,28
12127000158,17
12127000011,17
12127000235,17
12127000211,17
12127000232,17
12127000230,17
12127000098,17
12033000123,21
12033000173,21
12033000112,21
12127000208,17
12127000130,17
12127000082,17
12127000078,17
12053000029,15
12071000012,20
12071000266,20
12071000038,22
12071000102A,22
12127000099,17
12033000261,21
12033000075,21
12033000157,21
12127000204,17
12127000210,17
12127000177,17
12127000207,17
12127000088,17
12127000168,17
12127000084,17
12033000120,21
12033000248,21
12033000245,21
12033000051,21
12033000118,21
12033000086,21
12033000087,21
12033000093,21
12033000110,21
12033000226,21
12033000124,21
12033000069,21
12033000044,21
12033000116,21
12033000043,21
12081000220,14
12081000208,14
12081000165,14
12081000101,14
12081000157,14
12053000048,15
12041000007,4
12033000081,21
12033000234,21
12033000053,21
12033000138,21
12033000141,21
12099000613,24
12099000058,23
12033000045,21
12081000058,14
12091000009,21
12091000002,21
12071000062B,20
1209900NP18,24
12099000413,24
12099000808,24
12099000788,23
12127000127,17
12127000008,17
12033000103,21
12033000169,21
12033000171,21
12033000175,21
12033000160,21
12033000166,21
12127000104,17
12127000120,17
12069000009,27
12081000197,14
12081000076,14
12081000019,14
12081000225,14
12081000232,14
12081000185,14
12081000227,14
12081000148,14
12081000186,14
12099000556,24
12099000514,24
12099000441,24
12099000284,23
12099000328,23
12099000866,23
12099000329,23
12099000867,23
12087000035,18
12087000002,18
12081000150,14
12127000100,17
12127000096,17
12127000023,17
12127000012,17
12127000015,17
1201100G010,2
1201100A004,24
1201100W002,25
1201100Q050,25
1201100S003,25
1201100F002,2
1201100E028,2
12127000149,17
12127000143,17
12127000005,17
12127000183,17
12033000096,21
12033000181,21
12033000108,21
12033000153,21
12033000207,21
12033000218,21
12033000241,21
1201100V009,25
1201100V007,25
1201100V056,25
12127000197,17
12127000241,17
12087000008,18
12053000002,15
12033000193,21
12033000254,21
12033000032,21
12127000142,17
12127000150,17
12127000167,17
12117000041,28
12117000033,27
12117000049,17
12087000027,18
12087000026,18
12087000023,18
12127000086,17
12127000124,17
12127000193,17
12127000233,17
12127000056,17
12107000038,19
12081000210,14
12081000231,14
12081000167,14
12081000111,14
12081000114,14
12081000099,14
12033000149,21
12033000107,21
12033000167,21
12033000251,21
12081000216,14
12081000194,14
12081000045,14
12081000102,14
1201100T018,1
1201100U007,1
12081000171,14
1201100V018,25
12109000024,19
12109000034,19
12109000027,19
12109000022,19
12109000045,19
12109000086,19
12109000067,19
12109000009,19
12109000057,19
12109000050,19
12109000078,19
12109000010,19
12129000004,5
12129000003,5
12129000007,5
12117000011,17
12117000062,28
12117000023,27
12117000051,17
12109000003,19
12109000007,19
12127000079,17
12127000097,17
12129000005,5
12129ZZZZZZ,5
12129000002,5
12013000102,5
12109000039,19
12109000040,19
12109000035,19
12109000015,19
12109000059,19
12109000084,19
12109000028,19
12109000083,19
12109000090,19
12109000001,19
12109000008,19
12101000006,7
12101106006,7
12101000107,7
12101000068,7
12101000225,15
12101000169,15
12101000132,15
12101000048,15
12109000033,19
12101000060,15
12033000262,21
12033000133,21
12101000016,15
12101000183,15
12101000062,15
12101000126,15
12109000060,19
12121000011,4
12121000012,4
12109000023,19
12101000103,15
12013000401,5
12121000010,4
12101000003,15
12101109069,7
12101103069,7
12101104069,7
12101107069,7
12101110069,7
12101108006,7
12101108069,7
12101107006,7
12101000205,15
12101000206,7
12033000152,21
12127000163,17
12033000127,21
12101000067,15
12103000255,26
12103000064,8
12103000114,26
12103000228,26
12103000359,15
12103000226,26
12101000122,15
12101101070,15
12069000046,6
12069000066,6
12053000054,15
12103000260,26
12103000174,26
12103000295,15
12103000321,26
12103000338,26
12103000125,26
12103000149,26
1201100W005,1
1201100F005,2
1201100F012,24
1201100V046,25
1201100N018,25
1201100N017,25
1201100N026,25
12103000274,26
12103000322,15
12103000249,26
1201100L013,2
1201100A021,2
1201100A017,24
1201100W001,25
1201100W004,1
1201100C033,24
1201100A018,24
1201100Z004,25
1201100X021,1
1201100X014,1
1201100R024,25
1201100F007,24
1201100F013,2
12081000123,14
1201100R038,25
1201100R039,25
1201100W008,1
1201100R029,25
1201100R023,25
1201100R031,25
1201100A008,24
1201100A011,24
1201100A010,24
1201100A002,24
1201100R026,25
1201100W010,25
1201100N012,25
1201100N011,25
12103000356,15
12103000239,26
12103000345,15
12053000026,15
1201100A006,24
1201100A015,24
12011000005,25
12117000022,27
12117000053,17
12069000003,6
12069000025,6
12069000037,27
12069000104,27
1201100R007,2
1201100R010,2
12039000045,5
12039000040,5
12101000112,15
12101101022,7
12117000054,17
12117000003,17
12005000009,5
12051000029,13
12117000045,28
12099000350,24
12099000371,24
12099000244,23
12099000243,23
12099000242,23
12099000796,23
12039000033,5
12117000057,28
12039000005,5
12117000052,17
12117000044,28
12117000031,27
12117000050,17
12039000009,5
12039000016,5
1201100K002,2
1201100A005,24
1201100X035,1
1201100X040,1
12099000247,23
12099000349,24
12099000384,24
12099000286,23
12099000782,23
12099000786,23
12099000238,23
12099000862,23
12099000237,23
12099000110,23
1201100V045,25
1201100X022,25
1201100X002,25
1201100X009,1
1201100T004,25
1201100V047,25
1201100R003,2
12103000089,26
12103000092,26
12103000315,26
12103000303,26
12103000317,26
12103000044,8
12103000215,26
1201100X026,1
1201100R063,25
1201100H006,2
1201100J001,2
1201100Z003,25
1201100N006,25
1201100N003,25
1201100N005,25
1201100X044,1
1201100X043,1
1201100X047,1
1201100V013,25
1201100R041,25
1201100R056,25
1201100L012,25
12129000006,5
1201100A016,24
12009000000,3
12009000225,3
12009000504,3
12009000215,3
12009000221,3
12009000122,3
1201100F004,2
12057000333,8
12031000210,9
12031000213,9
12086008290,18
12086000244,10
12086002610,10
12009000508,3
12009000432,3
12009000411,3
12009000531,3
12009000305,3
12055000009,12
12057000538,15
12057000537,15
12057000541,15
12057000589,15
12057000065,15
12057000506,15
12057000526,15
12057000860,7
12057000877,7
12021000096,20
12021000001,20
12021000011,20
12097000360,16
12057000304,8
12057000130,8
12057000163,8
12086000710,11
12086000858,18
12086000758,18
12086000379,10
12086000512,10
12043000011,13
12105000102,12
12097000305,16
12097000550,3
12097000551,3
12031000083,9
12007000001,4
12007000012,4
12105000101,12
12031000246,19
12021000115,20
12021000004,20
12021000012,20
12021000097,20
12021000009,20
12021000008,20
12021000060,20
12021000094,20
12031000132,9
12097000405,16
12097000109,16
12097000133,16
12097000156,16
12097000136,16
12043000004,13
12031000107,19
12031000215,9
12031000008,9
12031000175,9
12031000170,9
12031000036,9
12031000137,9
12057000356,7
12057000357,7
12057000908,14
12031000126,9
12031000195,9
12031000116,9
12031000029,9
12086000789,18
12086000784,18
12031000060,9
12021000075,20
12021000068,20
12021000088,20
12021000065,20
12027000001,22
12031000171,9
12031000196,9
12031000265,19
12086000907,18
12086000948,18
12086000718,11
12086000573,11
12086000013,10
12086004241,11
12086004240,11
12031000234,9
12031000073,9
12031000062,19
12086000388,1
12086000202,1
12086000358,1
12086000826,18
12086000838,18
12086000955,18
12086000930,18
12086000936,18
12086004410,11
12086000446,11
12031000058,19
12105000206,12
12031000081,19
12031000189,9
12031000033,9
12031000002,9
12031000017,9
12031000287,9
12031000208,9
12031000148,9
12031000034,9
12131000510,21
12061000036,13
12086000184,25
12086000102,25
12086000148,10
12086000586,11
12086000942,18
12086000433,11
12086000238,10
12086000995,10
12057000528,15
12057000518,15
12057000662,7
12057000657,7
12057000828,7
12086000596,11
12086000547,11
12086000421,11
12086000375,11
12009000127,3
12086000922,18
12086000941,18
12086000272,1
12086000229,1
12099000004,13
12099000531,24
12099000332,23
12099000338,23
12099000699,23
12099000684,23
12099000697,23
12057000617,7
12099000290,23
12099000753,23
12099000099,23
12099000106,23
12099000737,23
12085000043,13
12009000123,3
12009000424,3
12009000441,3
12009000419,3
12009000425,3
12099000294,23
12086000457,11
12086000455,11
12086000386,11
12086000498,10
12086000580,10
12086000501,10
12086000819,18
12086000820,18
12086000024,10
12009000229,3
1200300004A,4
1200300004D,4
12099000688,23
12099000041,23
12099000066,23
12099000074,13
12099000042,23
12099000103,23
12099000797,23
12099000195,23
12086000815,18
12086000264,10
12086000860,18
12086000033,10
12086000031,10
12086000817,18
12086000926,18
12099000696,23
12099000735,23
12099000738,23
12099000739,23
12099000258,23
12099000474,24
12057000527,15
12057000917,14
12086000975,10
12086005311,10
12086000025,10
12086000131,10
12086000231,1
1205500011S,12
12123000009,5
12057000124,7
12057000712,7
12099000114,23
12099000122,23
12099000199,23
12113000031,21
12031000048,19
12031000282,9
12031000020,9
12031000187,9
12031000233,9
12031000064,9
12031000237,9
12031000108,19
12083000027,4
12083000041,4
12107000006,19
12035000271,19
12035000272,19
12035000270,19
12035520000,17
12103000180,26
12103000189,26
12103000354,15
12103000076,26
12113000035,21
12113000023,21
12057000937,8
12057000062,14
12057000919,14
12057000231,8
12031000223,4
12031000272,9
12031000111,19
12031000267,19
12031000035,9
12107000010,19
12107000019,4
12105000115,12
12125000007,4
12031000052,19
12031000087,9
12031000158,9
12031000238,9
12031000169,9
12083000076,6
12113000040,21
12035000171,19
12035000170,19
12057000639,7
12057000818,7
12035000213,19
12083000001,6
12105000240,12
12086000845,18
1208600845A,18
12009000104,17
12086000783,18
12099000490,24
12099000482,24
12099000494,24
12099000491,24
12099000505,24
12099000437,24
12099000820,24
12035000333,19
12035000330,19
12083000020,6
12009000311,3
12009000324,3
1209500316A,28
12086000969,18
12086000968,18
1208600969A,18
12086000378,11
12086000267,1
12086003691,1
12086000014,10
12086000442,11
12095000327,28
12095000335,28
12086000274,1
12086000219,1
12086000117,10
12086000166,10
12086000212,10
12086000781,18
12086000745,18
12086000961,18
12086000289,11
12086000288,11
12099000353,24
12099000518,24
12099000097,23
12099000193,23
12099000101,23
12099000123,23
12099000312,23
12099000311,23
12099000091,23
12099000024,23
1209900NP23,23
12099000092,23
12099000088,23
12099000089,13
12027000012,22
12086000354,1
12113000005,21
12113000022,21
12057000804,7
12057000036,15
12057000532,15
12086000043,10
12086000038,10
1211100001A,13
12099000022,23
12099000354,24
12099000249,23
12009000429,3
12009000433,3
12086000069,10
12131000220,21
12131000210,21
12095000232,27
1209500331B,16
1209500331A,16
12095000406,28
12095000437,28
120170208.1,6
12095000212,27
1209500109B,27
1209500109Z,27
1209500131A,27
12095000611,27
12111000029,13
12105000249,12
12083000017,6
12103000137,26
12103000233,26
12091000036,21
12091000078,21
12095000533,28
12071000006,22
12071000057,22
12099000063,23
12023000016,4
12023000008,4
12091000005,21
12095000123,16
12095000125,16
1209500540A,28
1209500540B,28
12095000436,28
12109000018,19
12099000280,23
12099000357,24
12099000359,24
12099000027,13
12057000706,12
12067000003,4
12111000037,13
12111000036,13
12111000045,13
12103000109,26
12103000106,26
12103000003,26
12103000002,26
12103000060,26
12103000061,26
12131000440,5
12103000135,26
12103000124,26
12019070800,4
12019050300,4
12029000005,4
12057000643,7
12057000509,8
12057000892,7
12057000587,7
12073005115,5
12073005227,5
12073005101,5
12073001309,5
12073001314,5
12095000534,28
12095000308,28
12065000003,5
12065000014,5
12067000002,4
12019060400,19
12019041003,19
12019060401,19
12015000048,22
12015000052,22
12015000104,22
12103000283,26
12103000350,15
12023000018,4
12103000201,26
12049000012,12
12047000008,4
12047000006,4
12007000018,4
12111000020,13
12111000025,13
12115000110,14
12103000213,26
12103000312,26
12007000010,4
12103000343,15
12015000001,22
12015000033,22
12071000031,20
12049000010,12
12115000042,14
12115000063,22
12115000005,14
12115000104,14
12115000058,14
12115000053,14
12099000331,23
12099000333,23
12099000481,24
12099000479,24
12063000020,5
12015000015,22
12103000158,26
12071000070,20
12071000020,20
120170203.1,6
12073003405,5
12073002511,5
12073002380,5
12071000116A,20
12071000127,20
12115000084,14
12015000034,22
12099000774,23
12099000NP9,23
12099000854,23
12099000096,23
12099000113,23
12099000396,24
12099000532,24
12099000793,23
12099000794,23
12099000152,23
12099000130,23
12099000140,23
12099000135,23
12099000414,24
12099000307,23
12103000156,26
12103000063,26
12015000126,22
12087000013,18
12087000010,18
12081000084,14
12081000121,14
12081000005,14
12127000191,17
12033000062,21
12033000064,21
12033000191,21
12033000148,21
12033000129,21
12033000121,21
12033000134,21
12033000052,21
12081000032,14
12081000201,14
12081000035,14
12081000129,14
12033000144,21
12071000069A,22
12073005223,5
12073005224,5
12073004101,5
12081000127,14
12073004162,5
12073004159,5
12073005265,5
12073005153,5
12069000123,27
12069000099,27
12115000055,14
12115000012,14
12115000026,14
12115000046,14
12115000034,22
12115000097,22
12127000209,17
12069000084,6
12127000173,17
12073002252,5
12073002251,5
12073002253,5
12053000047,15
12033000029,21
12115000103,14
12015000124,22
12033000105,21
12133000012,5
1201100T021,1
1201100T030,1
1201100W017,1
1201100W014,1
12081000103,14
12081000128,14
12081000149,14
12099000453,24
12099000451,24
12081000086,14
1201100N023,25
1201100L018,25
12059000005,5
12081000214,14
12081000233,14
12081000207,14
12081000243,14
12069000088,6
12127000071,17
12117000001,17
12069000055,27
12069000098,27
12127000072,17
12127000216,17
12069000002,17
12069000080,6
12127000152,17
12085000101,13
12069000034,27
12069000063,27
1201100V028,25
1201100R016,25
1201100R017,25
1201100R019,25
1201100J020,2
12133000005,5
12087000022,18
12081000009,14
12081000182,14
12121000009,4
12127000139,17
12127000140,17
12103000115,26
12103000357,15
12103000112,26
12103000202,26
12103000346,15
1201100U003,25
12069000045,6
1201100Q080,25
1201100X036,1
12133000014,5
12103000284,26
12033000172,21
12033000018,21
12121000004,4
1201100X029,1
1201100Q071,1
1201100Q068,1
1201100Y007,25
1201100R027,25
1201100R015,25
12011000019,25
1201100V001,25
1201100F011,24
1201100M007,2
12103000028,26
12103000148,26
12103000147,26
12086000725,11
12086004350,11
12086004351,11
12086000545,10
12086000537,10
12081000139,14
12101101025,7
12086000337,10
12086000508,10
12086000499,10
12081000133,14
12081000124,14
12081000021,14
12081000203,14
12101000097,15
12109000021,19
12069000089,27
12081000159,14
12081000054,14
12101000100,15
12101000125,7
12101000025,7
12101000215,7
12103000347,15
12103000277,26
12103000257,26
12103000259,26
1201100C014,2
12011000013,25
12101001060,7
12101101104,7
1201100M026,2
1201100U001,25
1201100J012,2
1201100H011,2
1201100Q067,1
1201100C020,2
1201100C025,2
12103000163,26
1201100W016,1
12011000007,1
12103000364,15
12103000052,26
12103000330,8
12109000053,19
12109000087,19
12109000071,19
12109000079,19
12103000014,26
12103000015,26
12103000161,26
1201100C037,2
1201100C032,2
1201100H005,2
1201100G013,2
1201100R046,25
12081000023,14
1209500544B,3
1209500431Y,16
12117000065,28
12117000079,28
12099000695,23
12069820082,27
12005000013,5
12117000061,28
12117000075,28
1201100G007,2
1201100T028,25
1201100V033,25
1201100R045,25
1201100R008,2
12069000096,6
12099000589,24
12099000539,24
12099000533,24
12099000622,24
12099000381,24
12035930000,17
12035840000,17
12035850000,17
1201100C006,2
12099000754,23
12099000752,23
12051000008,1
1201100M003,25
12005000035,5
1201100V015,25
1201100B003,24
1201100U005,1
12011000006,1
1201100J013,2
12127000135,17
12127000196,17
12127000094,17
1201100C018,2
1201100Y008,25
12039000017,5
12039000023,5
12039000014,5
12101000133,15
12101000182,7
12101000005,7
12117000074,28
12117000015,17
12013000201,5
12109000037,19
12021000024,20
12021000059,20
12021000106,20
12021000058,20
12021000092,20
12021000091,20
12009000204,3
12009000302,3
12021000047,20
12021000064,20
12009000131,3
12009000121,3
12097000507,3
12085000040,13
12063000017,5
12065000002,5
12065000004,5
12057000851,7
12057000533,15
12057000034,8
12057000339,7
12061000001,3
12057000563,7
12057000654,7
12057000653,7
12001000029,4
12001000025,4
1205500019L,13
12085000015,13
12085000038,13
12001000057,4
12086004411,11
12086000581,10
12086000567,10
1201100C027,2
12057000412,8
12057000401,8
12027000011,22
12057000967,7
12057000063,8
12057000421,8
12057000938,8
12057000327,8
12057000764,7
12086000237,1
12086000236,1
12086007310,11
12086007311,11
12086000730,11
12086000957,18
12086007961,18
12086000762,18
12086007960,18
12086000835,18
12097000153,16
12123000004,5
12027000015,22
1201100Q061,1
1201100E012,2
12086000411,11
12086004111,11
12086000576,11
12086002511,10
12086000299,1
12086000357,1
12086000175,10
12086000171,10
12086000179,10
12086000985,10
12086000840,18
12086000382,11
12086000774,18
12086000318,1
12083000013,6
12086000140,10
12086000544,10
12086000396,11
12097000470,16
12083000049,6
12086000932,18
12086000017,10
12086000016,10
12001000043,4
12031000135,9
12031000055,19
12031000180,9
12031000011,9
12086000959,18
12086000906,18
12086000650,11
12086000042,10
12031000177,9
12031000144,9
12086000712,11
12099000246,23
12099000775,23
12099000612,24
12099000611,24
12099000416,24
12099000421,24
12099000420,24
12031000179,9
12031000164,9
12031000285,9
12031000224,9
12086000336,11
12086000329,11
12086000978,10
12086000296,1
12086000105,25
12086000127,10
12086000773,18
12086000321,1
12099000462,24
12099000457,24
12099000484,24
12099000650,24
12099000323,23
12099000804,24
12099000497,24
12031000130,9
12031000099,19
12031000097,19
12031000046,19
1209500525B,28
1209500525Z,28
12086000158,10
12086000322,1
12086000918,18
12086000597,10
12086000527,10
12086000528,10
12086000598,10
12086005910,10
12086005911,10
12099000427,24
12099000811,24
12031000001,9
12031000202,9
12031000117,9
12099000676,23
12099000679,23
12099000700,23
12099000233,23
12099000219,23
12031000225,9
12083000080,6
12095000113,16
12095000422,16
12083000061,6
12057000965,8
12057000574,8
12083000097,6
12099000698,23
12099000483,24
12099000362,24
12099000364,24
120170406.1,6
12105000520,12
12099000431,24
1209900NP21,24
1209900NP20,24
12099000541,24
12099000619,24
12099000787,23
12099000795,23
12079000002,5
12099000256,23
12099000745,23
12099000723,23
12099000360,24
12099000355,24
12095000332,16
12031000089,19
12031000219,9
12031000065,9
12099000228,23
12099000861,23
12099000224,23
12099000134,23
1209500504B,28
12099000327,23
12057000341,7
12057000811,7
12073001505,5
12073001503,5
12099000480,24
12099000615,24
12099000617,24
12057000801,7
12057000433,8
12095000208,27
12057000525,15
12057000520,8
12057000671,7
12057000121A,8
12057000807,7
12057000243,8
12057000244,8
12057000805,7
12057000952,7
12057000091,14
12057000522,15
12057000521,8
12057000941,8
12057000825,7
12115000023,22
12115000092,22
12115000052,14
12111000068,13
12111000074,13
12115000056,14
12115000021,14
12115000010,14
12115000068,14
12023000007,4
12115000001,14
12115000030,14
12115000002,14
12073003412,5
12019060001,4
1201950602a,4
12073005220,5
12023000019,4
12015000051,22
12015000092,22
12015000108,22
12015000047,22
12071000096A,22
12033000174,21
12033000068,21
12127000126,17
1209500131Z,27
12127000174,17
12127000172,17
12033000074,21
12033000083,21
12033000136,21
12033000088,21
12033000113,21
12033000178,21
12033000266,21
12033000072,21
12081000146,14
12081000145,14
12033000223,21
12033000224,21
12033000228,21
12033000135,21
12033000130,21
12081000087,14
12071000051A,22
12099000512,24
12099000856,23
12099000121,23
12099000475,24
12127000105,17
12033000022,21
12033000056,21
12081000132,14
12081000200,14
12099000563,24
12033000209,21
12033000030,21
12127000198,17
12127000073,17
1201100F014,2
12033000170,21
12127000060,17
12033000229,21
12033000184,21
12087000005,18
12127000171,17
12127000238,17
12127000128,17
12033000014,21
12081000125,14
12081000175,14
12033000100,21
12033000080,21
12081000213,14
12081000065,14
12081000143,14
12081000066,14
1201100A003,24
1201100A007,24
12081000116,14
1201100X027,1
1201100X048,25
12129000010,5
12037000002,5
12117000021,27
12127000046,17
12101101103,15
12101101031,15
12101000049,15
12101000011,15
12101000188,15
12101101023,15
12033000012,21
12101000077,15
12127000129,17
12121000016,4
12109000019,19
12109000075,19
12109000077,19
12101000124,15
12101000144,7
12101000073,15
12033000242,21
12033000201,21
12033000159,21
12033000202,21
12033000265,21
12033000200,21
12121000014,4
12101000083,15
12101000061,15
12101000217,15
12103000294,26
12103000299,15
12103000185,26
12103000197,26
12103000268,26
12039000008,5
1201100Q072,1
12081000224,14
1201100X006,1
1201100S006,25
12103000302,15
12103000162,26
1201100V012,25
1201100A014,24
12117000007,27
12117000064,28
12069000113,27
12039000031,5
12039000004,5
12039000038,5
12039000027,5
12101000129,15
12101000163,15
12101000123,15
12039000006,5
12039000010,5
12039000007,5
12033000161,21
12033000240,21
12033000002,21
12033000143,21
12099000771,23
12099000411,24
12099000878,24
12099000410,24
12099000504,24
1201100X017,1
1201100X012,1
12039000025,5
12039000011,5
12117000070,17
12117000017,17
12117000036,28
12117000063,28
12117000025,27
12011000010,25
1201100V059,25
1201100D011,2
1201100T007,25
1201100R005,2
1201100Q020,2
1201100Q031,2
1201100R001,2
1201100D003,2
12103000203,26
1201100J017,2
1201100E013,2
1201100E027,2
1201100R036,25
12039000002,5
12057000040,7
12031000010,9
12031000053,19
12086000101,25
12086004360,11
12086004361,11
1201100V014,25
12057000871,7
12021000052,20
12057000963,8
12057000879,7
12009000228,3
12009000435,3
12009000440,3
12086000802,18
12086000746,18
12086000415,11
12105000534,12
12105000219,12
12097000155,16
12007000002,4
12119000125,6
12031000172,9
12021000038,20
12097000150,16
12031000163,9
12031000133,9
12031000024,9
12031000141,9
12031000259,19
12031000193,9
12031000022,9
12057000501,8
12057000854,7
12057000113,8
12057000833,7
12057000410,8
12057000414,8
12057000562,7
1200300004C,4
12057000129A,8
12031000147,9
12031000023,9
12031000262,19
12031000084,9
12031000015,9
12031000067,9
12021000136,20
12086000736,18
12086000735,18
12086009810,10
12086009911,11
12031000013,9
12031000191,9
12031000173,9
12031000199,9
12086000201,1
12086000350,1
12086005342,10
1208600534A,10
12086000036,10
12086000450,11
12031000124,9
12086000339,11
12086000756,18
12086000559,11
12086008431,18
12086008432,18
12086000844,18
12086007420,18
12086007421,18
12086000005,10
12099000133,23
12099000171,23
12099000205,23
1209900NP29,23
12099000212,23
12099000692,23
12085000065,13
12085000005,13
12057000921,14
12057000112A,8
12057000529,15
12099000300,24
12099000662,23
12099000078,13
12099000080,13
12099000345,24
12099000346,24
12099000344,24
1209900NP24,23
12085000001,13
12099000342,24
12099000790,23
12086000766,18
12086000352,1
12086000232,1
12086000761,18
12086000139,10
12086000401,11
12086000443,11
12105000223,12
12086000327,1
12086000214,1
12099000681,23
12099000825,24
12099000450,24
12057000404,8
12057000808,7
12086007870,18
12086007871,18
12086000748,11
12099000715,23
12099000517,24
12099000711,23
12099000187,23
12099000197,23
12099000163,23
12113000003,21
12031000041,19
12057000551,8
12091000065,21
12103000301,26
12103000113,26
12103000099,26
12103000103,26
12113000037,21
12125000009,4
12031000014,9
12035000219,19
12035000310,19
12057000141A,8
12057000119A,8
12057000524,8
12057000361,7
12057000053,7
12057000832,7
12057000705,12
12086000222,1
12009000503,3
12009000530,3
12113000018,21
12111000086,13
12099000649,24
12099000426,24
12099000663,23
12009000107,3
12086000542,10
12086006560,10
12086006550,10
12086006551,10
12086006561,10
12095000338,28
12009000442,3
12086000306,1
12086000407,11
12099000635,13
12099000376,24
12086000319,1
12086000314,10
12009000317,3
12083000088,6
120170102.1,6
12057000767,12
12057000454,8
12099000059,23
12099000153,13
12099000NP6,13
120170102.2,6
12086000950,18
12086000002,10
12083000057,6
12099000006,13
12099000747,23
12099000265,23
12009000431,3
1209500311A,28
12009000128,3
12095000117,16
12111000035,13
12103000134,26
12049000008,12
12091000003,21
12115000014,14
12115000109,14
12095000118,16
12099000686,23
12019011002,4
12041000003,4
12041000008,4
12065000016,5
12019020801,19
12019020800,19
12057000516,8
12057000534,8
12057000581,7
12073001304,5
12019071001,4
12063000024,5
12019050600,4
12015000078,22
12015000106,22
12015000013,22
12015000002,22
12071000065A,22
12049000009,12
12103000075,26
12029000003,4
12099000222,23
12099000227,23
12099000605,24
12071000294,22
12103000209,26
12029000006,4
120170300.1,6
12099000408,24
12099000784,23
12099000568,24
12099000770,23
12099000077,13
12099000090,23
12099000098,23
12099000117,23
12103000153,26
12081000144,14
12081000050,14
12133000017,5
12127000186,17
12033000216,21
12033000264,21
12081000095,14
12073005113,5
12073004153,5
12073004115,5
12073004154,5
12073005212,5
12073004155,5
12073004111,5
12073005228,5
12133000018,5
12133000019,5
12069000014,6
12041000001,4
12069000110,27
12069000086,6
1213300005B,5
12133000027,5
12117000034,27
12115000086,14
12073005284,5
12033000139,21
12033000031,21
12081000137,14
12081000060,14
12059000003,5
12081000211,14
12069000125,27
1201100E002,2
12081000187,14
12127000144,17
12081000089,14
12081000027,14
12081000249,14
12081000154,14
12103000173,26
12103000227,26
1201100Z005,25
12087000015,18
12101000203,15
12117000042,28
1201100N028,2
1201100N016,25
12103000229,26
12033000033,21
1201100T026,25
1201100J009,2
12086000711,18
12086000047,10
12086000569,10
12081000059,14
12103000286,26
1201100K006,2
1201100C022,2
1201100Q030,2
1201100M011,2
12103000095,26
12103000033,26
12077000002,5
1201100E029,2
1201100V003,25
12103000324,26
12103000337,26
12033000257,21
12103000220,26
1209500311B,28
1209500312A,28
12095000535,28
1209500439Z,28
12117000032,27
1201100X050,1
1201100X042,1
12099000297,23
1201100X013,1
1201100R058,25
1201100P004,25
1201100T008,1
1201100V019,25
1201100R020,25
1201100V002,25
1201100M020,2
12011000023,25
1201100X049,25
1201100X004,25
1201100X005,25
12099000791,23
12035000181,19
1201100Q063,1
1201100N020,25
12099000428,24
12041000009,4
1201100R042,25
1201100T022,25
1201100C016,2
1201100R011,2
1201100C017,2
1201100E025,2
1201100Q041,24
1201100T009,25
12039000001,5
12091000058,21
12021000007,20
12009000224,3
12009000439,3
12009000438,3
12021000079,20
12021000037,20
12021000031,20
12073005107,5
12073003401,5
12057000099,8
12057000968,8
12057000641,7
12057000514,8
12057000629,7
12086000302,1
12086000384,1
12086000359,1
12086000428,11
12086000500,11
12057000434,8
12086000004,10
12086000432,11
12086000128,10
12086000317,1
12086000538,10
12086000767,18
12083000104,6
12086009840,10
12086009841,10
12086006581,10
12086009821,10
12086000308,1
12086000119,10
12086000983,10
12086006592,10
12031000156,9
12031000077,19
12031000227,9
12086000355,1
12086000301,1
12086000247,10
12086000155,10
12086000253,10
12086000630,11
12083000024,4
12097000113,16
12031000294,19
12031000159,9
12031000152,9
12086000631,11
12086000510,11
12099000336,23
12099000869,23
12099000330,23
12099000056,23
12086000187,10
12086000020,10
12086000444,11
12031000075,9
12086000320,1
12099000127,23
12095000211,27
12031000165,9
1209500612A,27
12099000546,24
12099000547,24
12099000799,23
12099000492,24
12099000424,24
12027000005,22
12031000254,19
12041000002,4
12099000618,24
12099000543,24
12099000374,24
12099000174,23
12099000175,23
12099000186,23
12099000198,23
12099000278,23
12099000325,23
12099000864,23
12099000865,23
12099000674,23
12099000569,24
12099000772,23
12099000395,24
12095000619,27
12099000313,23
12099000463,24
12099000593,24
12099000595,24
12099000377,24
12099000500,24
12083000083,6
12099000722,23
12099000455,24
12031000200,9
12031000270,9
12031000071,9
12099000523,24
12099000763,23
12099000067,23
12099000375,24
12095000541,28
12099000590,24
12099000591,24
12099000587,24
12099000588,24
12057000863,7
12113000025,21
12073001315,5
12099000435,24
12099000584,24
12099000575,24
12099000382,24
12099000530,24
12099000538,24
12095000413,28
12073003477,5
12073003461,5
12057000802,7
12115000040,14
12115000069,14
12073005154,5
12019011202,4
1209500342Z,28
12103000108,26
12115000099,14
1209500404B,28
1209500404A,28
12095000405,3
12015000050,22
12073001213,5
12023000001,4
12115000044,14
12115000015,14
12057000101B,14
12057000104,7
12033000180,21
12127000194,17
12071000106A,22
12033000192,21
12033000158,21
12033000078,21
12033000182,21
12033000042,21
12081000189,14
12033000085,21
12033000238,21
12033000054,21
12033000146,21
12099000730,23
12033000050,21
12081000218,14
12127000155,17
12081000119,14
12033000001,21
12081000152,14
12033000205,21
12033000021,21
12117000029,27
12117000035,27
12087000004,18
12127000022,17
12127000147,17
12033000132,21
12033000142,21
12127000239,17
12033000250,21
12033000006,21
12033000126,21
12081000138,14
12081000174,14
12129000011,5
12109000048,19
12101000197,15
12101000152,15
12069000083,6
1201100F008,2
1201100W025,1
12103000187,26
12039000034,5
1201100U002,1
1201100P005,25
1201100E018,2
1201100R061,25
12039000032,5
12039000041,5
12033000095,21
12033000199,21
12099000115,23
12099000573,24
12099000574,24
12109000044,19
1201100C001,2
12011000004,1
1201100W022,1
1201100M013,2
12099000570,24
12099000750,23
12099000749,23
12099000034,23
1201100D013,2
1201100R012,2
12103000025,26
12103000084,26
1201100Y005,25
1201100Y004,25
1201100C036,2
1201100N027,25
1201100N029,25
1201100Q043,2
12031000184,9
12057000523,8
12043000003,13
12007000008,4
12043000002,13
12105000113,12
12021000030,20
12021000143,20
12021000077,20
12031000203,9
12031000230,9
12057000109A,8
12057000353,7
12027000008,22
12031000286,9
12021000002,20
12031000146,9
12086000805,18
12086000937,18
12086000651,11
12086000775,18
12031000261,19
12086000291,1
12086000732,11
12086000772,18
12086000633,11
12086000562,11
12086000668,10
12086000996,10
12086000ZZZ,10
12086001611,10
12099000245,23
12099000419,24
12099000720,23
12099000301,24
12099000789,23
12099000037,13
12099000343,24
12086000367,11
12086000504,10
12099000039,23
12099000798,23
12099000062,23
12086000821,18
12099000285,23
12086000399,11
12086000124,10
12099000777,23
12113000041,21
12031000102,19
12035720000,17
12035710000,17
12057000925,14
12031000245,9
12035000200,19
12031000092,19
12057000373,7
12057000366,7
12057000461,8
12099000582,24
12035000191,19
12035810000,17
12086000889,18
1209500542B,28
1209500542A,28
12086000372,1
12086000587,11
12086000116,10
12099000366,24
12027000002,22
12099000217,23
12099000269,23
12099000550,24
12086000207,25
12099000755,23
12099000758,23
12099000760,23
1209900NP34,23
12099000510,24
12095000122,16
12103000107,26
12099000236,23
12099000264,23
12099000218,23
12065000015,5
12073001507,5
12103000232,26
12103000231,26
12007000014,4
12071000062A,22
12115000083,14
12099000168,23
12031000006,9
12099000128,23
12071000077B,20
12099000779,23
12099000392,24
12099000390,24
12099000372,24
12099000293,23
12081000038,14
12033000027,21
12033000040,21
12127000019,17
12081000068,14
12073009000,5
12081000147,14
12087000031,18
12115000054,14
12069000094,6
12033000131,21
12133000024,5
12115000102,14
12015000040,22
12033000115,21
12099000216,23
12081000036,14
1201100E026,2
1201100V051,25
12097000571,3
12127000024,17
12117000002,17
12127000089,17
1201100R062,25
12103000331,26
12103000056,8
12051000017,20
12033000219,21
12103000263,26
1201100V026,25
1201100T006,25
1201100C004,2
12101000147,15
12086000113,10
12101000201,15
12101000058,15
12081000209,14
12081000234,14
12081000248,14
12103000085,26
12103000363,15
12035000190,19
12101000035,7
12101104022,7
12101000034,7
12101103022,7
12101105022,7
12101102022,7
12103000012,26
12103000022,26
12033000017,21
1201100A013,24
1201100M032,2
12099000146,23
1201100X031,1
1201100T023,25
1201100K010,2
1201100W015,1
1201100V035,25
1201100V010,25
1201100N013,25
1201100L019,25
12127000226,17
1201100J005,2
1201100K007,2
1201100D012,2
12101000074,15
12021000087,20
12021000139,20
12021000137,20
12021000006,20
12021000074,20
12085000012,13
12073004157,5
12073003103,5
12061000037,3
1201100T010,25
1201100X041,1
12057000810,7
12057000809,7
12086000449,11
12086000011,10
12086000897,18
12086000452,11
12086000892,18
12086000949,18
12086000048,10
12086000740,18
12086000305,1
12086004131,11
12086009871,10
12086000990,10
12086009870,10
12086000670,11
12086000118,10
12031000216,9
12086000517,10
12031000206,9
12031000094,19
12099000161,23
12086000755,18
12086000673,11
12086000635,11
12097000106,16
12099000493,24
12099000429,24
12031000118,9
12086000818,18
12099000459,24
12099000304,23
12099000009,23
12099000276,23
12099000380,24
12099000400,24
12099000585,24
12031000105,19
12099000405,24
12099000883,24
12099000398,24
12099000393,24
12099000038,23
12031000032,9
12031000218,9
12095000425,16
12099000705,23
12099000703,23
12099000334,23
12099000440,24
12057000578,8
12073004461,5
12073003469,5
12057000980,8
12019060600,19
12023000014,4
12111000039,13
1211100039A,13
12015000031,22
12015000112,22
12127000220,17
12033000036,21
12033000179,21
12033000197,21
12033000066,21
12033000145,21
12081000104,14
12033000026,21
12081000212,14
12081000142,14
12071000048B,22
12071000027,22
12071000071,20
12099000173,23
12033000156,21
12127000162,17
12127000044,17
12033000076,21
1201100C008,2
1201100N007,25
12033000233,21
12127000145,17
12081000166,14
12081000052,14
12081000002,14
1201100E009,2
1201100N010,25
1201100X007,25
12033000147,21
12033000082,21
12033000260,21
12033000140,21
12033000243,21
12101000072,15
1201100B006,24
12039000044,5
12033000119,21
12033000106,21
12039000020,5
12039000028,5
1201100V031,25
12109000016,19
12109000080,19
12099000498,24
1201100R068,25
1201100W007,1
1201100W006,1
12009000120,3
12086000015,10
12097000131,16
12007000003,4
12021000110,20
12031000252,19
12001000021,4
12097000250,16
12057000078,7
12057000372,7
12057000100,7
12086000893,18
12086000894,18
12031000063,9
12086000165,10
12086000170,10
12086000994,11
12086000003,10
12099000138,23
12099000586,24
12099000562,24
12099000288,23
12099000026,13
12099000524,24
12086000141,10
12099000693,23
12086000464,11
12031000007,9
12057000080,8
12086008430,18
12086000963,18
12086000023,10
12099000596,24
12099000831,24
12099000552,24
12099000557,24
12099000540,24
12099000415,24
12099000529,24
12086000260,10
12086000275,10
12091000061,21
12103000017,26
12107000015,4
12071000100,22
12019050401,4
12099000289,23
12099000139,23
12099000118,23
12057000703,7
12073004405,5
12073005261,5
1209500131B,27
12103000029,26
12071000118B,22
12099000129,23
12099000NP5,23
12071000069B,20
12071000301,20
12071000300,20
12099000086,23
12033000122,21
12033000206,21
12127000131,17
12127000138,17
12069000032,27
12033000164,21
12117000027,27
12073002401,5
12043000012,13
12115000031,14
12033000008,21
12081000117,14
12081000163,14
12081000055,14
12081000199,14
12127000006,17
12103000183,26
12051000005,13
1201100H002,2
12033000211,21
12101000151,15
12101106069,7
12101000102,15
12101000101,15
12101000079,15
12101101000,15
12103000242,26
12103000261,26
12081000204,14
1201100V017,25
12101000116,15
1201100V039,25
12109000089,19
1201100V030,25
1201100J014,2
1201100X039,1
1201100X037,1
1201100B005,24
12117000066,28
12077000001,5
12099000620,24
12099000621,24
12099000401,24
1201100F009,2
1201100L005,25
1201100K008,2
1201100R006,2
1201100T011,25
1201100X025,1
12127000111,17
12039000036,5
12021000028,20
12021000130,20
12021000032,20
12021000141,20
12021000132,20
12009000430,3
12021000039,20
12073004105,5
12073004184,5
12057000940,8
12001000002,4
12001000017,4
12001000003,4
12086000206,25
12086000196,25
12086000763,18
12086000532,11
12086000200,18
12031000149,9
12031000289,19
12031000040,19
12031000185,9
12031000256,19
12086000578,11
12099000614,24
12099000116,23
12031000128,9
12086000583,11
12097000130,16
12095000428,16
12031000293,9
12099000322,23
12099000496,24
12099000308,23
12099000250,23
12099000704,23
12099000668,23
12031000026,9
12057000513,8
12073002503,5
12099000561,24
12099000602,24
12099000215,23
12019011203,4
12103000139,26
12019011301,4
12115000091,22
12057000132,8
1209500330B,28
12033000214,21
12033000190,21
12127000132,17
12033000049,21
1201100V052,25
12033000059,21
12033000101,21
1201100Q010,24
1201100W003,25
12121000007,4
12103000096,26
12101000075,15
12103000340,26
1201100L014,25
12033000065,21
1201100V049,25
1201100V054,25
12103000138,26
1201100L017,25
1201100Q069,1
12021000129,20
12031000136,9
12031000018,9
12021000016,20
12086000385,1
12031000031,9
12086009820,10
12057000114,14
1209900NP25,23
12099000685,23
12057000661,7
12057000637,7
12086000429,11
12086000530,10
12086000540,10
12057000112B,7
12035700000,17
12035730000,17
12111000093,13
12111000033,13
1211100033A,13
12031000003,9
12086000324,1
12086000181,10
12099000691,23
12103000236,26
12073003451,5
12115000085,14
12065000013,5
12099000469,24
12099000397,24
12099000365,24
12127000053,17
12081000070,14
12069000019,6
12117000078,28
1213300004D,5
1213300009C,5
12069000124,27
12081000169,14
12081000188,14
12033000013,21
12033000073,21
12101000109,7
12103000082,26
12033000208,21
12033000092,21
12099000845,23
1201100Q044,2
1201100Q042,2
1201100Q040,2
1201100C012,2
1201100L002,2
12099000279,23
12099000486,24
1201100M008,2
1201100J022,2
12039000015,5
12117000059,28
12021000044,20
12021000082,20
12021000027,20
12021000025,20
12021000034,20
12021000081,20
12021000119,20
12097000157,16
12097000137,16
12073002513,5
12073001501,5
12085000028,13
12086000622,11
12057000115B,8
12057000982,8
12057000105B,7
12001000022,4
1201100C021,2
12086000151,10
12086000150,10
12086000234,1
12086000785,18
12086000896,18
12099000880,24
12099000433,24
12031000277,9
12095000407,28
12107000030,19
12099000388,24
1209500101B,27
12083000092,6
120170204.2,6
12099000709,23
12031000095,19
12099000369,24
12115000093,22
12127000112,17
12033000220,21
12033000117,21
12099000592,24
12127000136,17
12033000185,21
12081000041,14
12033000244,21
12033000210,21
12033000196,21
1201100E021,2
1201100M016,2
1201100M017,2
12101000087,15
12039000029,5
12033000236,21
12099000112,23
12099000021,23
12099000192,23
1201100M018,2
12099000554,24
12099000599,24
12099000597,24
12057000031,7
12021000014,20
12031000229,9
12031000042,19
12031000101,19
12031000154,9
12061000038,13
12031000257,19
12031000153,9
12086000391,1
12057000655,7
12099000741,23
12099000044,23
12099000003,13
12099000104,23
12086001071,10
12086001070,10
12099000020,13
12057000510,8
12009000236,3
12009000218,3
1209900NP17,24
12099000260,23
12019030800,19
12019041201,19
1209500440A,28
12099000257,23
12099000565,24
12103000126,26
12033000047,21
12081000109,14
12081000160,14
12033000109,21
12127000189,17
12097000306,16
12127000224,17
1201100V025,25
12033000003,21
1201100J021,2
12086000816,18
12069000102,27
12081000215,14
12103000336,15
1201100X045,1
12081000183,14
12099000011,13
12099000079,13
12099000335,24
12099000292,23
1201100Q066,1
12099000221,23
12099000220,23
12021000055,20
12086000114,25
12086000109,25
12086000067,25
1201100V008,25
12057000115A,8
12086000040,10
12086001720,10
12086000173,10
12086000741,18
12086000734,18
12086000459,11
12086000137,10
12031000098,19
12097000570,3
12031000290,19
12099000423,24
1209900NP19,24
120170208.2,6
12099000164,23
12099000055,23
12095000409,28
12035530000,17
12099000387,24
12031000129,9
12031000050,19
12099000520,24
12073005214,5
12023000003,4
12033000162,21
12033000154,21
12033000155,21
12033000188,21
12033000239,21
12099000583,24
12127000014,17
1201100H010,2
12033000252,21
12033000247,21
12127000231,17
12033000041,21
12033000198,21
1201100G005,2
12033000256,21
12021000018,20
12057000093,15
12086000737,18
12086005361,10
12099000555,24
12099000356,24
12099000070,13
12099000757,23
12099000013,23
12086000068,10
12103000048,8
12086003040,1
12086003041,1
12095000127,16
12086005501,11
12099000093,23
12027000004,22
12009000501,3
12099000232,23
12099000746,23
12099000743,23
1209900NP27,23
12019060200,19
12103000080,26
12099000064,23
12099000119,23
12081000153,14
12073003107,5
12033000189,21
12033000005,21
12033000232,21
12117000077,28
12033000009,21
1201100B001,24
12081000140,14
12081000006,14
12086000199,25
12033000221,21
1209500435B,28
12099000002,13
12099000014,23
1201100X015,1
12127000260,17
1201100M010,2
12101101001,7
12021000140,20
12073003468,5
12057000148,14
12057000126,14
12057000974,8
12086000416,11
12086000944,18
12086000262,10
12099000502,24
12099000545,24
12099000526,24
12099000176,23
12099000536,24
12099000604,24
12099000385,24
12019011500,4
12033000090,21
1209900NP10,23
12099000564,24
12033000091,21
12081000221,14
12099000537,24
12127000061,17
12127000251,17
12033000098,21
12033000150,21
12039000037,5
12033000246,21
12099000295,23
1201100F003,2
1201100V029,25
12031000080,19
12031000059,19
12097000331,16
12057000918,7
12086000406,11
12086009811,10
12086000323,1
12099000170,23
12099000147,23
12057000803,7
12107000034,4
12099000810,24
12103000013,26
12015000076,22
12033000061,21
12033000063,21
12081000044,14
12073005211,5
12073004109,5
12073004107,5
12033000015,21
12127000187,17
12127000110,17
12127000234,17
1201100C003,2
12086000585,11
12099000707,23
12099000824,24
12021000126,20
12021000049,20
12086000174,10
12086000208,25
12086000466,11
12031000143,9
12031000138,9
12031000115,19
12086007430,18
12086007431,18
12099000454,24
12031000239,9
12099000373,24
12031000100,19
12099000683,23
12031000231,9
12099000386,24
12099000527,24
12099000566,24
12099000275,23
12015000060,22
12015000129,22
12033000016,21
12033000035,21
12033000071,21
12081000015,14
12033000227,21
12081000004,14
12033000204,21
12081000205,14
12127000261,17
12033000187,21
12039000039,5
12081000001,14
1201100J006,2
12099000823,24
1201100Y003,25
1201100Y001,25
12086000006,10
12021000138,20
12021000041,20
12097000471,16
12086000405,11
12035150000,19
12009000321,3
12099000734,23
12057000110,14
12019040600,19
12019012400,9
12081000078,14
12033000235,21
12069000015,6
1201100V022,25
12021000033,20
12057000069,7
12086000062,1
12086000967,18
12086000106,25
12086000992,11
12086000652,11
12099000499,24
12057000051,8
12057000983,8
12057000999,8
12115000009,14
12073001351,5
12033000203,21
12033000010,21
12099000226,23
12099000859,23
12033000186,21
12127000175,17
12127000021,17
12109000005,19
1201100J007,2
1201100C019,2
12021000036,20
12031000044,19
1209900NP26,23
12099000302,24
12086000571,10
12057000121B,14
12099000378,24
12127000045,17
12091000045,21
12073001353,5
12033000137,21
1201100E005,2
1201100H007,2
12033000225,21
1201100C005,2
1201100C011,2
1201100M006,2
12103000221,26
1201100N021,25
12099000291,23
12099000298,23
12099000094,23
12021000095,20
12057000109B,7
12057000046,8
12086000624,10
12099000572,24
12099000169,23
12099000608,24
12099000548,24
12081000106,14
12033000237,21
12033000168,21
12081000016,14
1201100P001,2
12039000042,5
12099000274,23
12099000234,23
12099000231,23
12086000408,11
12086004701,11
12099000367,24
12099000551,24
12115000090,22
12127000179,17
12127000190,17
12081000177,14
12081000180,14
12081000093,14
12101101016,7
12101102016,7
1201100M023,2
12081000176,14
12086000176,10
12086000387,1
12031000104,19
12099000230,23
12099000235,23
12099000266,23
1209900NP28,23
12099000255,23
12099000305,23
12057000057,7
12081000115,14
12127000146,17
12033000249,21
12117000067,28
12021000061,20
12007000007,4
12015000114,22
12081000040,14
12033000046,21
12033000177,21
12081000230,14
12033000215,21
12099000870,23
1201100V034,25
1201100L003,2
12021000083,20
12021000142,20
12057000096,7
12099000082,23
12099000516,24
12127000114,17
12081000223,14
12127000020,17
12127000042,17
12039000030,5
12071000013A,22
12099000660,23
12099000324,23
12099000NP8,23
12099000148,23
12057000103B,8
12086002661,10
12021000090,20
12086000265,10
12099000851,23
12099000018,13
12099000019,13
12099000054,23
12127000003,17
12103000081,26
12101000056,15
1201100J024,2
12099000805,24
12099000425,24
12031000205,9
12073003104,5
12033000151,21
12099000032,23
12127000113,17
12039000003,5
12039000026,5
12031000043,19
12031000045,19
12057000829,7
12086000989,10
12086003001,1
12086000850,11
12033000099,21
12033000057,21
12101000053,15
12021000057,20
12031000037,9
12086000943,18
12127000253,17
12127000255,17
12101101006,7
12099000559,24
12099000043,23
12099000860,23
12099000075,13
12009000230,3
12087000037,18
1201100E034,2
12057000814,7
12099000008,13
12099000085,13
12099000131,23
12127000092,17
12033000258,21
12057000089,7
12099000001,13
12099000030,23
12073005252,5
12127000227,17
12127000036,17
12081000162,14
1201100Y002,25
12021000084,20
12021000043,20
12021000054,20
12021000029,20
12097000350,16
12099000725,23
12099000100,23
12057000143,8
12127000222,17
12127000223,17
12127000047,17
12033000195,21
12031000114,19
12099000690,23
12031000047,19
12035009980,19
12009000130,3
12099000081,13
12127000116,17
12101000219,15
12099000733,23
12033000058,21
12099000309,23
12127000066,17
12127000262,17
12127000245,17
12033000007,21
12127000184,17
12101103001,7
12081000007,14
12057000090,8
12099000358,24
12086004031,11
12073003413,5
12127000065,17
12101000050,15
12033000259,21
12099000513,24
12115000107,14
12127000041,17
12033000176,21
12069000097,6
12021000048,20
12127000268,17
12127000258,17
12033000163,21
12086000976,10
12015000097,22
12099000068,23
12099000073,23
12021000125,20
12127000057,17
12127000004,17
12099000576,24
12099000025,13
12127000064,17
12081000012,14
12127000202,17
12021000080,20
12099000124,23
12057000102,8
12127000185,17
12033000183,21
12033000011,21
12101000142,7
12057000906,14
12033000084,21
1201100C029,2
12127000033,17
12101000108,7
1201100M021,2
12127000031,17
12127000240,17
12101000223,15
12057000561,7
12081000181,14
12033000212,21
12033000019,21
12033000213,21
12081000184,14
12097000212,16
12087000036,18
12073002355,5
12057000954,8
12033000037,21
12081000161,14
12127000267,17
12009000524,3
12031000093,19
12099000694,23
12099000007,13
12099000765,23
12127000055,17
12127000225,17
12033000222,21
12101000051,15
12021000063,20
12091000077,21
12099000149,23
12127000263,17
1201100J016,2
12127000115,17
12099000580,24
12099000045,23
12033000020,21
12086000790,18
12099000296,23
12099000225,23
12127000067,17
12033000048,21
12127000264,17
12127000271,17
12073005165,5
12081000151,14
12127000164,17
12127000254,17
12101000222,15
12099000016,13
12127000265,17
12086000169,10
12086000768,18
12127000103,17
12101000084,15
12021000133,20
12127000054,17
12101102033,15
12127000166,17
12099000673,23
12033000079,21
12127000007,17
12099000165,23
12099000012,23
12101000076,15
12127000201,17
12127000266,17
12101000032,7
12099000210,23
12099000035,13
12101000052,15
12009000319,3
12127000243,17
12033000004,21
12101000055,15
12033000038,21
12127000069,17
12099000023,23
12086000108,25
12099000394,24
12011000025,2
12099000653,23
12086004030,11
12099000680,23
12101000143,7
12086000460,11
12099000200,23
12127000242,17
12101000054,15
12099000206,23
12127000259,17
12086000648,11
12127000250,17
12127000252,17
12127000062,17
12099000141,23
12127000213,17
12099000143,23
12033000039,21
12033000023,21
12033000217,21
12033000060,21
12127000229,17
12033000067,21
12127000048,17
12099000631,13
12103000254,26
12127000133,17
12029000002,4
12086000059,10
12039000048,5
12127000030,17
12099000126,23
12099000144,23
12009000133,3
12033000028,21
12099000661,23
12127000246,17
12101000046,15
12101000094,15
12033000230,21
12127000215,17
12127000063,17
12069000049,6
12101000044,15
12127000035,17
12127000165,17
12101000038,15
12099000010,13
12057000920,8
12101000047,15
12099000438,24
1201100C038,2
12033000194,21
12101000045,15
12099000029,23
12101000064,15
12127000029,17
12127000027,17
12127000025,17
12127000270,17
12099000201,23
12039000046,5
12127000214,17
12033000089,21
12127000228,17
12127000141,17
12099000167,23
12099000299,23
