GEOID,DISTRICT
220850006-2,1
220850006-4,1
220850005-8,1
220750001-1,2
220750008-3,2
220750009-1,2
220750008-1,2
220750006-2,2
220750007-1,2
220010007-4,3
220010006-1,3
22001006-13,3
220010006-5,3
220010006-3,3
22019000405,1
22019000441,1
220850003-6,1
220850004-1,1
22019000407,1
22019000408,1
22019000601,1
22019000262,3
220750003-1,2
220750002-2,2
220750005-2,2
220750004-1,2
220750004-2,2
220750002-1,2
220750006-1,2
220750005-1,2
220750008-2,2
22085002-6A,1
22103000502,4
22103000S25,4
22103000906,4
22055000034,3
22055000008,3
22055000119,3
22055000025,3
22055000092,3
22055000109,3
22055000117,3
22055000108,3
22055000081,3
22103000114,4
22103000104,4
22103000108,4
22103000C05,4
22103000403,4
22103000410,4
22103000M02,4
22103000415,4
22103000C01,4
22103000C11,4
22103000118,4
22103000205,4
22103000914,4
22103000S06,4
22103000504,4
2201100012B,1
22055000039,3
22055000040,3
22103000505,4
22103000A02,4
22103000308,4
22103000C09,4
22103000C06,4
22103000501,4
22019000702,1
22019000761,1
22019000370,3
22019000562,1
22019000364,3
2201900371N,3
22019000308,1
22019000260,3
2202300016C,3
22019000307,1
22103000314,4
22103000301,4
22103000S19,4
22103000902,4
22103000305,4
22103000818,4
22103000814,4
22011000001,1
22011000017,1
22103000106,4
22103000116,4
22103000111,4
22055000100,3
22055000094,3
22055000011,3
22103000604,4
22103000P01,4
22103000M09,4
22103000M10,4
22103000409,4
22103000M05,4
22055000103,3
220450014-1,3
22055000101,3
22055000065,3
22055000062,3
22055000091,3
22103000811,4
22103000817,4
22103000806,4
22103000C08,4
22103000304,4
22103000703,4
22103000807,4
22103000812,4
22019000310,1
22019000465,1
22019000406,1
22019000311,1
22019000321,1
22019000165,1
2201900313E,3
22019000314,1
22019000469,1
22019000361,1
22019000318,1
22019000464,1
22055000037,3
22055000030,3
22055000005,3
22055000002,3
22055000122,3
22055000027,3
22055000051,3
22055000099,3
22011000003,1
22011000002,1
22011000019,1
22011000025,1
22011000026,1
2201100025B,1
22011000028,1
22055000093,3
22055000086,3
22055000102,3
22055000116,3
22011000014,1
2201100014A,1
22011000027,1
22055000073,3
22055000057,3
22103000A01,4
22103000312,4
22103000S02,4
22103000S03,4
22103000412,4
22067000053,5
22067000014,5
22031000005,1
22031000063,1
22049000006,5
2204900006A,5
22067000042,5
22031000032,1
22031000048,1
22067000050,5
220570007-1,2
22055000096,3
22055000127,3
22055000104,3
22055000128,3
22055000126,3
22055000006,3
22055000063,3
22055000020,3
22103000A04,4
22103000609,4
22103000601,4
22049000005,5
220570010-7,2
22051000248,2
220570010-8,2
22057010-11,2
22057010-10,2
220570002-2,6
220890006-2,2
220890006-4,2
220890006-1,2
220890001-1,2
220890004-1,2
220890005-5,2
220890001-2,2
22051000134,2
22051000084,2
22051000175,2
22051000237,2
22051000059,2
22051000060,2
220070004-2,6
22051000046,4
22051000043,4
2205100125B,2
2205100125A,2
220510027-K,2
22051000058,2
22051000151,2
22051000150,2
22051000156,2
22051000029,4
22051000083,2
220890001-3,2
220890001-5,2
220890002-5,2
220890007-3,2
220890004-4,2
220890004-2,2
22067000040,5
22067000013,5
22031000037,1
22067000016,5
22031000053,1
220570002-3,6
220570001-3,6
2201900160W,1
22101000039,3
22101000037,3
22101000011,3
22101000010,3
22101000013,3
22101000021,3
22101000014,3
22101000032,3
22101000030,3
220570003-5,2
220570011-1,2
22031000042,1
22031000009,1
22031000026,1
220570011-2,2
220570011-4,2
220570003-3,2
22057010-15,2
22011000005,1
2201100016A,1
22011000016,1
22019000322,1
2201900861E,3
2201900460W,1
22101000009,3
22101000015,3
22101000019,3
22031000035,1
22031000010,1
22031000049,1
22031000044,1
22031000028,1
220570001-5,6
22057002-3A,6
22101000006,3
22101000004,3
22101000007,3
22101000033,3
22101000029,3
22049000008,5
2204900008A,5
2204900025A,5
22049000025,5
22049000022,5
2204900025B,5
22049000010,5
220570004-2,2
220570004-1,2
220570004-4,2
220570004-3,2
220570009-1,2
22057010-13,2
22019000302,1
2201900371S,3
2201900315E,1
22019000365,1
220070008-1,3
220070007-3,3
22051000155,2
22051000136,2
220510003-K,2
220510033-K,2
220890002-4,2
220890007-2,2
220510029-K,2
220510006-W,2
22051000044,4
220510017-K,2
22047000029,3
2201100012A,1
2201100025A,1
22011000007,1
22019000602,1
22019000661,1
22019000372,1
22019000340,1
22051000003,4
22101000002,3
22047000018,3
22047000017,3
220070009-1,3
220510004-K,2
220510005-K,4
220510015-K,2
22051000199,2
22051000054,2
22051000018,2
22051000124,2
2205100193A,2
2205100193B,2
220510001-L,2
22051000028,4
22051000071,2
22051000073,2
22051000070,2
22051000022,2
22051006-KB,2
22051006-KA,2
220510014-K,2
22051000153,2
22051000154,2
220510003-G,2
22051000211,2
220510008-G,2
220510001-G,2
2205100213C,2
22051000008,2
22051000009,2
22051000011,2
220070002-1,6
2205100214B,2
22051000212,2
22051000188,2
22051000210,2
2205100232B,2
22051000247,2
22051000104,2
220950001-1,2
22051000063,2
22051000131,2
22051000096,2
22051000024,4
2205100197A,2
22051000040,4
22101000008,3
22101000016,3
220570002-5,6
220570002-7,6
22057002-10,6
220570001-4,6
22057002-12,6
220570002-8,6
22057002-14,6
220570004-6,2
220570004-5,2
220570001-2,6
220570010-4,2
220570007-2,2
220570002-1,6
22057002-1A,6
220570003-6,2
220510023-K,2
220510034-K,2
22051000098,4
22051000099,4
220510011-G,2
22051000081,2
22051000091,4
220890003-1,2
220890003-2,2
220890006-6,2
22049000016,5
22049000015,5
220890002-1,2
22051000074,2
22051000088,2
22051000052,2
220510001-K,2
22051000226,2
22051000225,2
22051000055,2
22051000178,2
220510002-G,2
22053000016,3
22053000012,3
22053000023,3
22051000082,2
220510007-G,2
220510016-K,2
22051000089,4
22051000090,4
22051000015,4
22051000120,2
22051000119,2
22051007-KB,2
22051007-KA,2
22051000012,4
22051000014,4
220510006-G,2
22051000057,2
220070003-1,6
220070002-4,6
220070003-2,3
22109000065,3
22051000204,2
22051000217,2
220510004-W,2
22051000189,2
220510005-G,2
22051000115,2
22047000011,6
22047000010,6
22077000020,5
22077000019,5
22087000055,4
220590006-1,5
220590002-1,5
220590001-3,5
220590001-1,5
220910006-2,6
220790000C9,5
22079000C31,5
22079000C15,5
220790C11-B,5
220790C11-A,5
220790C37-A,5
220790C37-B,5
22079000S11,5
22097000021,5
22127007-1A,5
22087000023,4
22087000024,4
220590003-2,5
22049000002,5
221270004-2,5
221270004-5,5
221270002-3,5
22099000010,3
22099000021,3
22051000020,4
22051000025,4
22051000190,2
22051000202,2
220510030-K,2
22051000051,2
22051000187,2
22051000234,2
2205100213B,2
22051000053,2
2205100214A,2
22109000060,2
22109000063,2
22109000045,2
22109000083,2
22109000041,2
22109000034,2
22109000029,2
22109000031,2
22109000021,2
220450012-1,3
220450009-1,3
220450011-2,3
220450010-1,3
22099000006,3
22109000046,2
22109000048,2
22109000052,2
22109000025,2
22109000023,2
22109000054,2
22093000008,6
22093000004,6
22093000013,6
220070001-2,6
220070007-1,6
22093000003,6
22093000002,6
22093000001,6
22093000009,6
220910002-2,6
2207117-18A,4
22071014-19,2
22071007-42,4
22071008-13,4
22071008-14,4
22071004-17,4
22071009-28,4
220710002-4,2
2207109-44E,4
22071008-26,4
22071008-24,4
22071014-16,2
220710011-9,2
22071014-26,2
220710005-3,4
221270004-3,5
22097000029,3
22097000037,3
22097000034,3
22097000033,3
22077000015,3
22077000017,5
22087000051,4
22103000918,4
22087000022,4
22087000015,4
22087000025,4
22087000041,4
22087000043,4
22087000040,4
22087000031,4
22077000008,5
22077000011,5
22077000013,5
22077000007,5
22087000050,4
22087000053,2
22071009-16,4
22071009-32,4
2207109-41A,4
22071013-14,2
220710002-7,2
22053000006,3
220710014-9,2
2207115-14B,4
220450014-3,3
220450003-3,3
220450001-1,3
220450002-3,3
220450013-1,3
22105000071,4
22105000122,4
22105000041,4
2200305-4-O,5
220030005-3,5
220030005-7,5
220030005-5,5
220030002-2,5
2200302-2-A,5
220290005-6,5
220290005-5,5
220290001-3,5
22033002-36,5
22033002-29,5
22033001-45,3
220330001-5,3
22033001-46,3
22033001-78,6
22033003-51,6
22033001-31,6
22033001-86,6
22033001-91,6
22033001-49,6
22033001-13,3
22033001-24,6
22033001-42,6
22115004-3C,1
221150007-4,1
22097000001,5
22097000022,5
22097000010,5
22097000011,5
22097000024,3
22097000020,5
22097000035,3
22033002-20,6
22033002-13,6
220330002-9,6
22033002-24,3
22033002-19,6
221150003-5,1
221150005-2,1
22115001-5A,1
22037000012,5
22037000011,5
22037000005,6
22037000006,5
22037000010,5
22065000010,5
22003005-12,5
22065000025,5
22065000026,5
22065000024,5
22065000001,5
22065000003,5
22065000004,5
22127007-2A,5
221270001-4,5
221270002-2,5
22097000018,5
22097000032,3
22097000045,5
22097000052,5
22097000047,5
22097000051,3
22097000026,3
22115002-2A,1
221150001-2,1
220450008-2,3
220450009-4,3
220450003-1,3
220450009-2,3
22121000020,3
22121000019,3
22097000013,5
22097000015,5
22109000073,2
22121000021,3
22121000022,3
220710017-2,2
220710009-6,4
220710015-6,4
22071009-36,4
2207109-43C,4
2207109-34A,4
2207109-44L,4
2207109-41C,4
2207115-19B,4
2207115-18C,4
2207109-36B,4
2207115-14G,2
22071015-14,4
22071017-19,4
220710004-5,4
22097000046,5
22065000002,5
22065000015,5
22065000016,5
22065000023,5
22065000005,5
220330002-2,6
22033001-23,6
22033001-41,3
22033001-52,6
220710004-9,4
22071015-12,4
220710012-2,2
220710009-8,4
2207115-18F,2
2207109-40A,4
2207109-44F,4
2207109-44Q,4
2207109-44O,4
220710003-8,2
22071004-21,4
22071004-20,4
22071017-11,2
22071008-28,4
22071013-11,2
22071009-25,4
22071017-20,4
220450001-3,3
220450006-1,3
220450004-4,3
22033003-55,6
22033001-34,6
22033001-47,6
22033001-54,6
22033003-23,6
22105000072,4
22105000070,4
22105000125,6
22105000001,6
221150005-1,5
22115005-1A,5
22115004-3G,1
2210500124A,4
22105000124,4
22105000151,4
2210500149A,4
22105ZZZZZZ,4
2210500137A,4
22115007-4A,1
22115004-3M,1
221150008-2,1
221150008-3,5
221150001-1,1
221150001-7,1
221150001-3,1
220610003-3,5
221270003-3,5
22097000007,5
22097000019,5
22097000012,5
22033003-14,6
22033003-61,6
221150002-3,1
220610003-1,5
220610003-4,5
220610004-5,5
220610011-3,5
220450010-4,3
22033001-65,6
22033001-73,6
22077000012,5
22087000052,4
22087000013,4
2207109-45A,4
22071007-21,4
22071004-18,4
2207104-17A,4
22071014-15,2
22071014-14,2
220710016-1,2
220710011-2,2
22071014-11,2
220710009-3,4
22071015-16,4
22109000016,2
22109000015,2
22109000069,2
22109000090,2
22109000053,2
22093000014,6
22093000015,6
22093000017,6
220710002-1,2
220710017-4,2
22109000056,2
22109000058,2
22097000025,3
221270003-2,5
220610006-1,5
220610003-2,5
220610004-1,5
22009009-1A,5
220090003-1,5
220090009-4,5
220090010-2,5
22009010-3A,5
22039003032,5
220090002-5,5
22009002-5E,5
220090006-2,5
220090002-1,5
220090002-7,5
220130007-2,1
220130005-3,1
22039003031,5
22039001120,5
22039001110,5
22109000027,2
22109000017,2
22109000018,2
22109000087,2
22109000071,2
22109000072,2
22071008-15,4
2207109-41D,4
2207107-28A,4
2207109-43M,4
2207109-44M,4
220710015-8,4
22071009-45,4
220710013-3,2
22071007-35,4
220710006-8,4
2206300035A,6
220710007-1,4
22071ZZZZZZ,4
2207109-44P,4
22071015-18,4
2207115-15B,4
22071007-9A,4
22071007-33,4
2207115-15A,4
220710015-9,4
220450009-5,3
22107000011,5
2210700011A,5
22039004030,5
22039005040,5
22039003030,5
22039004001,5
22039001060,5
22009009-2A,5
220090010-4,5
220130003-5,1
220130003-6,1
220130001-4,1
220130002-3,1
220130007-1,1
220130007-4,5
22107000017,5
22107000015,5
22107000010,5
22009010-2A,5
220130003-2,1
220130003-1,1
22039002020,5
22039002040,5
220010007-2,3
22017000040,1
22017000094,1
22017000151,1
22017000145,1
22017000030,1
22017000003,1
22017000025,1
221150001-4,1
220610006-2,5
220610001-2,5
220610001-1,5
220610002-1,5
220610005-4,5
2210500137C,4
2210500137D,4
22105000123,4
22071011-17,2
2207109-43A,4
2207109-43F,4
22071007-26,4
22071008-30,4
22071009-19,4
22071012-17,2
220710003-1,2
220710001-2,2
220710010-6,2
22039001150,5
22039003060,5
22039001130,5
220090005-1,5
220090001-3,5
22009005-1A,5
220090002-4,5
22071004-15,4
220450010-3,3
22023000013,3
22023000017,3
22017000127,1
22017000125,1
22017000052,1
22017000077,1
22017000113,1
22017000122,1
22017000084,1
22017000047,1
220150002-6,1
220150003-4,1
22009002-2A,5
220090002-2,5
220130002-2,1
220130003-7,1
221270001-3,5
22097000004,5
220710005-8,4
2207107-27B,4
2207115-18B,4
2207109-43N,4
22071007-41,4
22071005-17,4
22071009-30,4
22071008-12,4
220710008-2,4
220450003-2,3
22071009-44,4
2207109-44J,4
220710013-5,2
2207109-40C,4
220710017-5,2
22071011-14,2
22071012-14,2
22071012-13,2
22071012-16,2
220710006-1,4
220290005-3,5
22065000007,5
22071009-10,4
22071015-15,4
2207114-24A,2
220710015-5,4
2207117-13A,2
22071008-21,4
22071007-15,4
22071013-12,2
220710013-9,2
220710005-1,4
2207115-17B,4
22109000049,2
22109000001,6
22109000005,6
22109000076,6
22017000039,1
22017000079,1
22017000078,1
22017000091,1
22017000129,1
22015004-8C,1
22015004-8D,1
22017000106,1
22017000158,1
22017000031,1
22017000032,1
22017000029,1
22033003-30,6
22033002-16,6
2203301-107,6
22033001-35,6
22033001-15,6
22033001-16,6
22033001-11,6
22033001-84,6
22033002-11,6
22033002-18,5
22033002-34,5
22033002-28,5
22033001-17,3
220710013-4,2
220790000C1,5
220790000C2,5
22079000S13,5
22079000C23,5
22079000C21,5
220790000C6,5
220790000N2,5
220290004-1,5
220030002-6,5
220030004-3,5
220690001-1,1
22017000081,1
22017000054,1
22017000135,1
22017000002,1
22017000083,1
22017000051,1
22017000067,1
22017000057,1
220450007-2,3
220450007-4,3
220450007-1,3
220450012-3,3
22079000C10,5
22079000S25,5
22079000S16,5
22079000S15,5
22079000S14,5
22079000C22,5
22079000C24,5
220790000N3,5
220790000S4,5
22119000005,1
22119000004,1
22119000008,1
22119000018,1
22119000027,1
22119000022,1
22119000011,1
22119000009,1
22119000028,1
22017000087,1
2201700005B,1
2201700005A,1
2201502-21A,1
22017000061,1
22017000149,1
2207300056A,5
22073000056,5
22073000022,5
22073000053,5
2207300051A,5
22073000048,5
22073000065,5
2207300065A,5
22073000073,5
22119000031,1
22119000033,1
22119000032,1
22119000012,1
22073000004,5
22073000002,5
22073000063,5
22119000029,1
22119000026,1
22079000C42,5
22079000C34,5
22079000S24,5
22079000S22,5
22017000015,1
22017000156,1
22017000142,1
22017000085,1
22017000008,1
22015002-23,1
220710014-5,2
22113000001,3
22023000009,3
22113000029,3
2211300057B,3
2211300057A,3
22113000051,3
2211300045A,3
22083000018,5
22083000027,5
22119000034,1
22119000039,1
220130004-4,1
22119000040,1
22027000001,5
220790C38-B,5
220790C38-A,5
22079000C28,5
22119000006,1
22017000143,1
22017000012,1
22017000016,1
22017000060,1
22017000100,1
22035000019,5
220430007-1,5
22017000139,1
22017000160,1
22017000161,1
22017000137,1
22017000138,1
22017000166,1
22017000034,1
22017000058,1
22017000103,1
22083000034,5
22083000033,5
22083000002,5
22083000003,5
220790N14-A,5
220790N14-B,5
22079000C13,5
22083000035,5
22041000032,5
22017000133,1
22017000163,1
22017000089,1
22017000090,1
22017000009,1
22017000157,1
22017000023,1
22017000107,1
220690002-5,1
220690002-3,1
220690002-6,1
220690002-8,1
220690004-3,1
220690003-4,1
2206901-10A,1
22041000006,5
22041000012,5
220430008-2,5
220430008-3,5
22023000004,1
22027000003,1
22027000037,1
220210007-3,5
220210006-1,5
220210006-3,5
22027000042,1
22027000041,1
220210003-1,5
220210006-2,5
220290001-2,5
22003005-10,5
220250009-3,5
22117007-1A,4
220290001-1,5
220290005-1,5
220290004-4,5
22017000050,1
22017000001,1
22017000037,1
22017000123,1
22027000005,1
22027000051,1
220130003-3,1
220690004-4,5
22069001-12,1
22069001-10,1
220690003-5,1
220030002-5,5
220030001-1,5
22027000091,5
220210002-2,5
22073000021,5
22073000018,5
2211900017A,1
22119000017,1
22119000041,1
220150004-9,1
22017000144,1
22017000035,1
22017000097,1
22017000115,1
22017000104,1
22017000146,1
22017000072,1
22017000093,1
22017000036,1
2201700136B,1
2201700136A,1
22017000134,1
220450006-3,3
220450004-2,3
220450004-3,3
220710014-2,2
220710004-2,4
22071005-16,4
220710010-9,2
220710016-9,2
220710016-7,2
22071009-29,4
2207107-37A,4
22071003-19,4
220710007-6,4
22071008-22,4
22121000015,3
22073000030,5
22073000003,5
22017000069,1
22017000044,1
22017000017,1
22113000002,3
22125000001,5
22125000010,5
22125000012,5
22099000028,3
22099000025,3
22099000029,3
22099000024,3
22015004-3A,1
22015004-3B,1
220150003-2,1
22083000001,5
22083000013,5
22073000067,5
22073000074,5
22015004-6A,1
22015004-6B,1
22015004-5A,1
22015004-4B,1
220150002-1,1
220150002-2,1
220150001-4,1
22017000075,1
22017000046,1
22121000012,3
22015002-16,1
22015002-15,1
2201502-12A,1
2201502-17A,1
22037000002,5
22037000008,5
220430006-2,5
220430006-3,5
220430004-1,5
220430007-4,5
22035000016,5
22035000009,5
220430007-3,5
220430005-2,5
220430003-1,5
220430002-2,5
220430008-4,5
220430006-1,5
220430006-4,5
220430002-3,5
220430005-3,5
220430007-2,5
22097000050,5
22023000001,1
22113000053,3
2211300007B,3
22055000015,3
22055000112,3
22055000064,3
22055000069,3
22055000024,3
22055000023,3
22055000022,3
22055000077,3
22055000123,3
22055000004,3
22103000915,4
22103000429,4
22103000417,4
22097000030,3
22097000038,3
22073000013,5
22099000015,3
22099000016,3
22099000014,3
22099000027,3
22035000001,5
22035000006,5
22035000015,5
220430001-3,5
220430002-5,5
220430008-1,5
220950001-3,6
22005000027,6
22005000043,6
22039002010,5
2203902010A,5
22039001030,5
22009003-1B,5
22111000004,5
22005000051,6
22005000028,6
22005000061,6
22005000002,6
22005000064,6
22005000001,6
22005000048,6
22005000050,6
22005000036,6
22005000073,6
22005000072,6
22005000071,6
22005000078,6
22005000058,6
22005000031,6
220950002-1,6
220950002-2,6
220950002-3,6
220950004-1,2
220950001-5,2
220950003-2,2
220950007-5,2
22005000077,6
22005000016,6
22005000066,6
22005000040,6
22005000034,6
22005000035,6
22093000011,6
22005000010,6
22005000013,6
22005000005,6
22005000076,6
22005000053,6
22005000004,6
22005000003,6
220950005-1,2
220950006-4,2
22005000063,6
22005000006,6
22005000062,6
221270001-1,5
221270007-1,5
220810005-1,1
22009002-4A,5
22107000012,5
22039003050,5
22009006-1A,5
220130007-3,5
220130001-3,5
22099000011,3
22099000005,3
22099000004,3
22099000008,3
22099000002,3
22099000001,3
22099000020,3
22099000019,3
22099000017,3
22099000018,3
22083000031,5
22099000003,3
22083000026,5
220810003-1,1
220810003-2,1
220810002-1,1
22083000032,5
22083000012,5
2208300012A,5
2206300001C,6
22087000044,4
2208700042A,4
22077000016,3
22077000014,5
22097000048,5
221270002-1,5
22111000012,5
22111000011,5
22111000007,5
22111000003,5
22111000016,5
22111000002,5
22111000022,5
22005000037,6
22005000065,6
22005000008,6
22005000033,6
22005000032,6
220950001-4,2
220950006-1,2
220950005-8,2
220950005-4,4
220950003-1,6
22095004-14,2
220950007-7,2
220950006-3,2
220950004-3,2
22063000034,6
22063000002,6
22077000010,5
22087000010,4
22005000039,6
22005000047,6
22005000015,6
220950001-2,2
2206300023B,6
2206300005B,6
2206300005C,6
2206300026B,6
22077000018,5
22055000058,3
22055000032,3
22103000C04,4
22103000110,4
22103000922,4
22103000909,4
22103000910,4
22103000911,4
22103000206,4
22103000413,4
22103000419,4
22103000810,4
22103000112,4
22103000102,4
22017000071,1
22111000006,5
22111000014,5
22111000024,5
22111000027,5
22017000086,1
22017000055,1
220330001-2,6
220330003-8,6
220330002-5,3
220330001-1,3
22033001-72,6
22033001-97,6
22033003-12,6
22033001-32,6
22033001-63,6
22093000016,6
22093000006,6
22093000007,6
22111000001,5
22109000010,2
22109000059,2
22111000005,5
22053000001,3
22053000010,3
22053000004,3
22053000007,3
22053000005,3
22073000066,5
22073000024,5
22093000019,6
22111000028,5
22111000010,5
22099000023,3
22099000013,3
22109000067,6
22067000032,5
22067000031,5
22067000008,5
22067000029,5
22031000016,1
22101000044,3
22101000045,3
2204700014A,3
22047000015,3
22047000032,3
22047000020,3
220850002-2,1
220850007-1,1
22047000006,3
22047000013,3
220850001-1,1
220850007-2,1
220850008-2,1
220850003-7,1
22085003-7B,1
22085003-7X,1
220850009-3,1
220850003-4,1
220850003-2,1
220850002-1,1
220850002-5,1
220010006-7,3
220850007-4,1
220850007-3,1
220850006-3,1
220010004-2,3
220010006-2,3
220010004-4,3
22055000007,3
220850007-5,1
22055000036,3
22055000033,3
22055000113,3
22055000009,3
22103000602,4
22103000503,4
22055000114,3
22103000809,4
22103000813,4
22103000606,4
22103000801,4
22055000047,3
22055000041,3
22055000048,3
22055000010,3
22103000M01,4
22103000M12,4
22103000M11,4
22103000M07,4
22103000416,4
22071017-12,2
220710002-2,2
220610009-3,5
220610012-3,5
220610009-1,5
220610010-5,5
220610010-1,5
220610005-3,5
220610008-2,5
220610005-2,5
220610008-1,5
220610009-4,5
220610009-5,5
220610008-3,5
22031000056,1
22115007-2A,1
221150007-1,1
22115004-3A,1
221150006-2,1
220610012-1,5
220610012-6,5
22105000048,4
22019000801,3
22011000015,1
22011000004,1
22011000010,1
22011000011,1
22011000006,1
22105000114,4
2201900860S,3
22019000362,1
22019000400,1
22019000164,1
2201900860N,1
22019000337,1
22019000603,1
22055000076,3
22105000017,6
2210500111A,6
22105000101,6
22115004-3J,1
22055000055,3
22055000053,3
22055000043,3
22055000107,3
22055000071,3
22103000605,4
220610003-5,5
220610004-3,5
220790N18-A,5
220790N18-B,5
22079000N17,5
22079000N16,5
22079000N15,5
22079000N19,5
22079000S10,5
22079000C18,5
22079000C14,5
22079000C39,5
220790000N6,5
22049000007,5
22047000019,3
220790000C4,5
22079000S6B,5
22103000917,4
22103ZZZZZZ,4
22079000C26,5
2212100001A,3
2212100001B,3
2212100001C,3
22121000004,3
22121000008,3
221170007-2,4
221170006-3,4
221170004-1,4
22117004-1A,4
220790000S1,5
2212100011A,3
2212100002B,3
22121000016,3
22047000026,3
22047000031,3
22047000028,3
22067000048,5
22067000001,5
22067000020,5
22019000560,1
22019000335,1
22019000402,1
22019000404,1
22047000009,3
22031000034,1
220090004-1,5
220130004-1,1
220130005-1,1
220130005-2,1
220810004-2,1
220810004-1,1
22101000005,3
22101000035,3
22031000033,1
220690004-6,1
22015001-3A,1
2205100185B,2
22019000403,1
22019000401,1
22019000461,1
22019000336,1
22019000468,1
22019000360,1
2201900861W,3
22019000300,1
22019000762,1
220570010-9,2
220570011-5,2
220570011-3,2
220570002-6,6
220890004-3,2
220070006-1,3
220070005-5,6
22051001-GI,2
220750001-3,2
220010001-9,3
22001006-16,3
220010001-4,3
22069001-9A,1
22069002-7A,1
220690004-7,1
220690001-5,1
22069001-11,1
220010006-6,3
220010002-3,3
220010002-2,3
220010003-7,3
220750009-2,2
220010005-2,3
220010004-6,3
22101000023,3
22101000024,3
22119000010,1
22119000042,1
220250007-3,5
220250009-2,5
220750007-2,2
220010001-6,3
220010006-4,3
220790000C3,5
220790000C7,5
22101000043,3
22101000034,3
220010001-1,3
220010001-3,3
220250001-1,5
220010005-5,3
220010002-5,3
221170002-1,4
221170006-1,4
221170007-3,4
2206300003B,6
22063000003,6
220010003-5,3
220010001-5,3
220010001-2,3
22063000027,6
2206300024C,6
2205300009B,3
22053000013,5
22053000008,3
2205300008A,3
220910001-1,6
220910004-1,6
22077000001,5
22119000043,1
220210004-1,5
22021004-1A,5
22027000093,1
22119000025,1
2211900025A,1
22119000036,1
22123000016,5
22123000014,5
22123000018,5
2210500040A,4
2210500127A,4
22033003-60,6
22033003-13,6
22033003-29,6
22033003-39,6
22033001-27,6
22119000001,1
22033001-67,3
220330001-3,3
22033001-83,6
22033003-24,6
22033002-23,6
22033001-39,6
22033001-56,6
220790000N1,5
22079000C25,5
22079000N21,5
22105000016,6
22033003-17,6
22033002-14,5
22033003-37,6
220590010-1,5
22105000118,4
22105000139,4
221150003-4,1
22115005-2A,1
220430002-1,5
220430003-2,5
220430001-2,5
220790000N5,5
221170004-4,4
221170006-2,4
22079000S21,5
22079000S23,5
220790000S9,5
22079000S20,5
22079000S19,5
220590004-2,5
22073000025,5
22073000017,5
22073000068,5
22073000060,5
22063000038,6
22063000031,6
2206300006A,6
22079000N28,5
22079000N29,5
22079000N12,5
22041000030,5
22113046B-4,3
22113046B-1,3
22113000044,3
2211300046A,3
22079000S26,5
22073000059,5
22113000014,3
2211300050A,3
22113000028,3
22113019A-1,3
22023000002,3
22113000018,3
220130007-5,1
220130006-1,1
22107000001,5
22107000007,5
22107000004,5
2210700002C,5
22107000002,5
2210700002B,5
22039001100,5
22039005030,5
220090009-2,5
22125000003,5
22125000011,5
2201504-11A,1
22083000010,5
220810004-5,1
220810004-3,1
220090004-2,5
22009009-4B,5
22009004-2A,5
22087000020,4
22087000014,4
22077000005,5
220450013-3,3
22123000001,5
22123000010,5
220590009-2,5
220590005-1,5
22087000030,4
22087000021,4
220590008-7,5
221170001-1,4
22123000011,5
22039005041,5
221170009-1,4
221170003-1,4
221170003-3,4
22063000014,6
2206300019A,6
22063000019,6
22113000039,3
22113000012,3
22113000006,3
22041000016,5
22037000009,5
22037000001,5
22113000024,3
22041000004,5
22027000085,1
22027000084,1
220210005-1,5
22063000025,6
2206300028A,6
22063000024,6
221150007-2,1
221150003-2,1
22105000047,4
22105000049,4
22105000046,4
2210500143A,4
22105000143,4
22105000112,4
22105000015,6
22117004-7B,4
22117004-9A,4
221170001-2,4
221170004-8,4
220210001-1,5
220210001-2,5
22115004-3K,1
22115004-3N,1
221150002-2,1
220610007-2,5
220610006-3,5
22105000011,6
22105000018,6
2206300002A,6
22073000041,5
22073000008,5
22073000028,5
22041000024,5
22041000026,5
22041000019,5
220430004-3,5
22113000035,3
220330003-5,3
22033003-57,6
22033001-61,6
22033001-22,6
22033002-31,6
220690004-1,1
220690003-1,1
220690003-2,1
22073000011,5
22073000012,5
22073000010,5
22073000027,5
2207300027A,5
22073000072,5
220330002-7,6
22033002-26,5
22033001-38,6
22033001-94,3
2203301-101,6
220330002-1,6
22033001-66,6
22033001-92,6
22033003-38,6
22113000009,3
22033001-69,3
22033001-43,6
22033001-12,6
22105000133,6
22073000005,5
22015004-8A,1
22069001-5A,1
220690004-5,5
220690001-8,1
22073000057,5
22073000023,5
22073000036,5
22073000037,5
22073000034,5
22073000014,5
22073000051,5
2211300042B,3
22113036A-1,3
22113049B-1,3
22017000126,1
22017000066,1
22017000049,1
220250002-1,5
220250003-2,5
220250003-1,5
220250002-2,5
220250008-1,5
220210002-1,5
221150007-5,1
22109000051,2
22109000074,2
22109000057,2
22109000055,2
22065000020,5
220030003-2,1
22065000017,5
22065000018,5
22065000022,5
220910005-1,6
22077000009,5
2210500141A,4
22105000117,6
22105000121,4
22105000033,4
22063000001,6
2206300003A,6
22063000015,4
22063000032,6
22063000009,6
22105000028,4
22035000013,5
221170003-2,4
22073000079,5
22063000026,6
2206300028B,6
22079000C33,5
22041000027,5
22041000014,5
22035000018,5
22109000004,6
22109000064,6
22113000025,3
2211300025A,3
22079000S18,5
22079000C20,5
220790000C5,5
22079000N27,5
2201502-18B,1
220290003-3,5
22003005-13,5
2200305-4-C,5
220290002-1,5
220290003-2,5
2200302-4-C,5
220030002-1,5
2201502-18G,1
2201502-18F,1
2201502-18C,1
2201502-18E,1
22017000140,1
2201502-21C,1
2201502-22C,1
2201502-21D,1
22109000007,2
22109000008,2
22093000005,6
221270001-5,1
221270006-3,5
22097000016,3
22097000039,3
22097000009,5
22097000002,5
22097000014,3
2206300013B,6
22093000010,6
2200302-4-O,5
220130002-5,1
220130001-1,1
220130002-6,1
22039001041,5
22039001040,5
220750001-2,2
22019000338,3
22019000339,3
22019000660,1
220850008-1,1
22085008-1A,1
220850005-5,1
22055000095,3
22103000M08,4
22103000M04,4
22103000F01,4
22011000022,1
22103000905,4
22103000S10,4
22103000S15,4
22019000662,1
22103000S22,4
22103000903,4
22103000406,4
22103000S24,4
22103000701,4
22103000805,4
22103000103,4
22103000404,4
22103000113,4
22103000115,4
22103000105,4
22103000M06,4
22103000S17,4
22103000S20,4
2204900010A,5
221270005-5,5
22103000C02,4
22103000816,4
2201900316W,1
22019000306,1
22019000664,1
22055000118,3
22055000111,3
2201100017A,1
22055000067,3
22055000125,3
22055000066,3
22011000020,1
22055000017,3
22055000018,3
22103000422,4
22103000407,4
22103000414,4
22103000101,4
22031000060,1
220670026-1,5
22067000024,5
22067000027,5
22031000059,1
22031000055,1
22055000014,3
22103000904,4
22103000310,4
22103000S18,4
22057002-13,6
220890006-7,2
220890006-8,2
220890003-3,2
22051000192,2
22051000246,2
220070002-3,6
22051000087,2
22051000103,2
22051000228,2
220890005-3,2
220890005-4,2
220570001-1,6
2201900166E,1
2201900166W,1
22101000017,3
220570009-2,2
220570007-4,2
220570006-5,6
220570006-1,6
22019000800,3
22019000760,1
22019000329,3
22019000440,1
22031000051,1
22101000022,3
22101000036,3
22101000042,3
22019000467,1
22051000031,4
22051000078,2
22051000007,2
220510031-K,2
2205100213A,2
2204900020A,5
2201900162E,1
22019000167,1
22051000201,2
220070001-1,6
22101000025,3
22047000027,3
22051000075,2
2205100157B,2
22051000072,2
220510020-K,2
22051000182,2
220070002-2,6
220070004-3,6
220070005-2,6
22051000021,2
22051000121,2
22051000033,4
220510013-G,2
220510025-K,2
2205100197B,2
22051000183,2
220570010-1,2
22051000069,2
220510009-G,2
220510005-W,2
22051000172,2
220510007-W,2
220510018-K,2
22031000001,1
22051000203,2
22051000177,2
22051000045,4
22051000005,2
22053000019,3
22053000014,3
220510009-H,2
2205100157A,2
220510003-W,2
220510001-W,2
22051000205,2
220510004-H,2
22051000038,4
22051000092,4
22051000097,4
220510008-H,2
22051000171,2
22051000236,2
22051000056,2
22047000003,3
22047000004,3
22047000001,6
22047000022,3
22047000021,3
22087000011,4
22099000009,3
22051000023,2
22051000181,2
22051000184,2
220590009-4,5
220590009-1,5
220590009-5,5
22071009-23,4
22071004-23,4
22071003-12,4
2207109-44I,4
2207109-31D,4
22097000027,3
22097000023,5
220910004-2,6
22077000003,5
22015002-14,1
22071009-14,4
22053000021,3
220710006-2,4
2207114-13A,2
2207114-18A,2
220450005-4,3
220450004-1,3
220290003-1,5
22105000105,6
22105000120,4
220330002-6,6
22033002-17,6
22033001-77,6
220330003-4,6
22033003-68,6
22033003-40,6
22033003-25,6
22037000003,5
22065000019,5
22065000006,5
2209700007A,5
221150001-9,1
221150008-1,1
22121000005,3
22121000003,3
2212100010A,3
2212100010B,3
2207109-43H,4
2207109-35A,4
2207115-12A,4
2207115-13A,2
221270005-2,5
22033003-21,6
220330002-3,6
22033003-69,3
22033003-50,3
22071004-14,4
2207109-28C,4
220710005-5,4
220710012-9,2
22033002-37,5
22033002-32,5
22033002-35,5
22033001-19,6
22033003-35,6
22033003-18,6
22033001-10,6
22033001-87,6
2210500072A,4
220610011-1,5
220610011-4,5
220610010-4,5
22127003-1A,5
2206300007C,6
22115004-3E,1
22105000073,4
22033003-33,6
220710009-1,4
22109000012,2
22097000028,3
221270005-3,5
221150001-5,1
220610008-4,5
220090007-3,5
22039001010,5
220090007-1,5
22071007-24,4
22071007-37,4
22063000035,6
2206300005A,6
220710017-9,2
2207109-30A,4
220710002-6,2
22071004-11,4
22071009-41,4
22071010-12,2
220710001-6,2
22039005004,5
22039003020,5
22039003070,5
22039001090,5
22039002030,5
22039003051,5
220090011-1,5
22009002-2C,5
22009002-2F,5
220610002-2,5
220610011-2,5
22105000119,4
2210500120A,4
220710003-9,4
22071014-23,2
220710013-6,2
2207115-19A,4
2207115-18A,4
2207115-18D,2
2207107-25A,4
22017000038,1
22017000013,1
22009002-3A,5
22039003040,5
22015004-10,1
2201502-21B,1
220710009-7,4
220710015-3,4
220710015-2,4
220450007-5,3
220450008-3,3
220710012-7,2
22071011-11,2
22071005-15,4
22071009-26,4
22003005-8A,5
220710009-9,4
22071009-39,4
22071008-25,4
22071007-32,4
22093000012,6
22017000074,1
22033001-89,6
22033002-21,5
220330001-7,3
22033001-51,3
22033001-93,6
22033001-99,6
22033003-48,6
22033001-53,6
22033001-44,3
22033001-68,3
22033003-10,6
22033003-59,6
22033001-64,6
22033002-27,6
2207109-43J,4
2207109-44A,4
2207109-43L,4
22079000N24,5
22079000N20,5
22017000064,1
22015002-13,1
22015002-5A,1
22017000006,1
220450002-1,3
22073000001,5
2207300001A,5
22073000069,5
22119000002,1
2211900002B,1
22119000003,1
22079000N10,5
22017000053,1
220710012-1,2
22071014-20,2
220710014-8,2
2211300042A,3
22083000028,5
22125000004,5
22125000009,5
22125000013,5
22017000022,1
220690003-9,1
220690004-9,1
220690003-7,1
22027000011,5
220210007-2,5
220210007-1,5
220030001-5,5
220030001-2,5
220250006-1,5
221170007-1,4
22027000034,1
22017000112,1
22017000076,1
22017000027,1
22027000035,1
220690001-2,1
22017000088,1
22017000114,1
22017000165,1
22017000102,1
22017000082,1
220710008-1,4
22071009-12,4
220710014-7,2
220710004-3,4
22071007-11,4
220710012-5,2
220710005-7,4
22071007-40,4
22071005-18,4
2211300010A,3
22099000026,3
22099000012,3
220150002-8,1
22083000023,5
22073000049,5
22073000031,5
22073000040,5
22015004-3D,1
22015004-8E,1
22015004-8G,1
22015004-8B,1
22015004-7A,1
22015004-7B,1
22037000007,5
22097000044,5
22121000017,3
22103000MD1,4
22103000405,4
22103000411,4
22055000060,3
22055000059,3
22055000070,3
22055000019,3
22055000031,3
22097000040,3
22097000008,5
22111000020,5
220950002-4,2
22005000017,6
22127003-1C,5
22109000014,2
220130001-2,1
220130002-4,1
220090003-3,5
22083000017,5
220810001-1,1
22083000011,5
22097000049,5
22111000026,5
22005000009,6
22099000022,3
220950003-4,2
22005000025,6
22005000021,6
2206300021A,6
22063000021,6
22063000033,6
2206300001B,6
22063000005,6
22063000007,6
220590008-6,5
22055000098,3
22055000106,3
22103000815,4
22103000303,4
22103000702,4
22103000401,4
22103000421,4
22055000120,3
22055000121,3
22055000087,3
22103000204,4
22111000017,5
2211100017A,5
22017000041,1
22017000111,1
22011000009,1
22033001-76,3
2203301-102,3
22033001-90,6
22033003-47,6
22033003-62,6
22033003-19,6
22033001-18,6
22109000086,2
22053000002,3
22073000070,5
22073000039,5
22093000018,6
22085002-2A,1
220850001-2,1
220850002-6,1
220850009-2,1
220010002-1,3
220010003-2,3
22103000S16,4
22055000038,3
22071011-10,2
22103000309,4
22103000C10,4
22055000028,3
22055000115,3
22103000704,4
22103000420,4
22103000804,4
22055000084,3
22055000042,3
22103000418,4
22105000149,4
22115002-1A,1
22105000109,6
2210500133A,6
22019000304,1
22019000303,1
22019000261,3
22103000706,4
221150004-1,1
22055000079,3
22103000603,4
22103000913,4
22103000C07,4
22103000426,4
22079000C17,5
2211704-10A,4
22103000808,4
22079000N25,5
22047000016,3
220670003-1,5
22067000045,5
2201900309W,1
22019000368,3
22031000046,1
22101000012,3
22101000028,3
22101000027,3
220690001-4,1
22069001-4A,1
22015004-1A,1
22015001-3B,1
220150001-3,1
22019000328,1
22019000463,1
22019000317,1
2201900466E,1
220570010-2,2
220570005-2,6
220890007-4,2
220890002-2,2
22051000227,2
22001006-14,3
220010006-8,3
22001006-15,3
2202300016B,3
2202300016A,3
2202300005S,3
22101000001,3
22101000026,3
220010003-1,3
220010001-8,3
220250005-1,5
220250004-2,5
221170008-2,4
221170006-4,4
22117003-3B,4
2206300006B,6
22001006-12,3
22053000020,3
22105000045,4
220910002-1,6
22119000016,1
22119000015,1
221150006-1,1
221150006-3,5
220790000S7,5
22027000008,1
22027000031,1
22027000010,5
22027000007,1
22123000002,5
22123000006,5
22123000008,5
22123000005,5
22105000002,6
22033001-40,6
22119000014,1
22033001-85,6
22105000107,6
22115007-5C,1
22033003-44,6
22033003-65,6
22033003-63,6
22033001-80,6
220790000S8,5
220790000N9,5
22105000042,4
221150002-4,1
221170004-6,4
22079000N11,5
22073000026,5
22063000016,6
22063000010,6
22063000012,6
22121000014,3
22113000021,3
2211300021A,3
22113000034,3
2211300034A,3
22113000037,3
2211300026A,3
22113000026,3
22113000040,3
220130006-3,1
22107000005,5
22039005010,5
220150003-1,1
220150001-1,1
22015004-3C,1
22039003071,5
22087000033,4
22123000012,5
22123000003,5
2212300003A,5
220590009-3,5
220090009-3,5
22009009-5B,5
22063000020,6
22063000011,6
2206300036A,6
22113007A-1,3
2211300005A,3
22041000003,5
22033001-79,6
2203301-105,6
22027000088,1
22063000004,6
2206300004B,6
2206300001A,6
220210005-3,5
221150004-2,1
22115002-4E,1
2210500104A,4
220610004-4,5
220610003-6,5
2206300023C,6
2206300023A,6
22119000035,1
22033003-70,6
22033003-20,6
22033003-56,6
22073000016,5
22073000015,5
22073000071,5
220430001-1,5
220330001-6,3
2203301-104,6
22033001-62,6
22033003-41,6
220330003-3,6
22033001-58,6
22073000029,5
220150003-3,1
22033003-72,6
22033003-32,6
22033003-49,6
22033003-22,6
22033003-67,6
22033002-30,6
220610009-2,5
220610012-4,5
22073000052,5
2207300052A,5
22015002-3A,1
220150002-3,1
2201504-11C,1
220690001-6,1
220690002-2,1
220690001-3,1
22015002-11,1
220150001-2,1
22073000050,5
2207300044A,5
2207300009A,5
22017000101,1
22113046B-3,3
2211300032B,3
22113000023,3
22017000109,1
220250007-1,5
220590004-3,5
220810005-2,1
22065000021,5
22065000013,5
22105000040,4
22035000003,5
22117003-3C,4
22063000017,6
2206300007B,6
2206300007D,6
22079000S27,5
22015002-19,1
22041000020,5
2201502-18D,1
22109000035,2
22109000110,2
22109000111,2
22109000038,2
22097000006,5
22063000030,6
2206300039A,6
22063000018,6
2206300018A,6
221270006-1,5
220010003-3,3
220010005-4,3
220850005-3,1
2201900466W,1
22103000C03,4
22103000203,4
2201100019C,1
22103000S11,4
22103000S07,4
22055000072,3
22055000045,3
22019000363,1
22055000052,3
22011000018,1
2201100018A,1
22011000030,1
22055000089,3
22103000907,4
22049000009,5
22067000054,5
22055000068,3
220570003-4,2
2205100232A,2
22051000231,2
22051000126,2
22051000102,4
22051000017,4
22051000019,2
220510021-K,2
22031000031,1
22101000040,3
220570010-3,2
220570006-2,6
22057002-11,6
22019000366,1
22051000116,2
22067000035,5
22067000037,5
22019000331,1
22051ZZZZZZ,4
22051000027,4
22051000195,2
220510001-H,2
22051000123,2
220890002-3,2
220510004-G,2
22051000062,2
22011000012,1
22011000021,1
2201100027A,1
22049000004,5
2201900309E,1
22019000703,1
22019000324,3
220510002-K,2
2205100179B,2
22051000180,2
22051000173,2
220070005-1,6
22049000017,5
2204900017A,5
22051000215,2
2205100216A,2
220890001-6,2
220890002-6,2
22051000191,2
22051000068,2
220570006-3,2
220570005-1,6
22057005-1A,6
22051000122,2
22051000001,2
220070006-3,6
22051000106,2
22051000129,2
220510019-K,2
22051000013,4
22051000230,2
22047000007,3
22079000C27,5
22079000C41,5
22079000C36,5
22087000012,4
22099000007,3
220510010-K,2
22071008-27,4
220710008-8,4
2207109-44B,4
22071015-10,4
220710008-9,4
22071005-12,4
22071009-35,4
22077000004,5
22087000042,4
22087000046,4
22015002-20,1
22071009-42,4
22071005-11,4
220710004-6,4
22053000003,3
22053000018,1
2205300009A,3
22071005-13,4
220710006-9,4
22071003-20,4
220710004-8,4
220290003-4,5
220030004-2,5
22033001-48,6
22033002-25,6
22033001-60,6
220330001-4,3
22033003-15,6
22037000004,5
22097000031,3
22121000018,3
220710010-7,2
220710007-7,4
2207115-14E,4
22071012-11,2
22033001-98,6
22033001-82,6
22071017-14,2
2207109-44N,4
22071017-15,2
22033001-36,6
22033001-26,6
22033001-70,6
2210500122B,4
2210500122A,4
22105000006,6
22115001-4B,1
220610005-1,5
220610010-3,5
2206300026A,6
22105000110,4
22087000034,4
220710016-8,2
22071016-1A,2
22109000011,2
220090001-1,5
220130006-2,1
22039001031,5
22071015-11,2
2207109-42C,4
220710014-1,2
220710012-4,2
220710011-8,2
22039001091,5
22039001050,5
22039004011,5
22107000009,5
22039004010,5
22009008-3A,5
221150002-1,1
220710007-8,4
2207109-43E,4
220090001-2,5
220710008-4,4
22071014-21,2
22097000041,3
220710008-7,4
22071007-30,4
22071012-19,2
220710012-6,2
22071010-14,2
22065000014,5
220330003-2,6
22033001-71,6
22033002-12,6
220330003-7,6
22033003-11,6
22079000C19,5
220030005-2,5
22079000S28,5
22079000C32,5
22017000073,1
22073000046,5
22073000076,5
22073000035,5
22073000064,5
22079000C40,5
220710014-3,2
220710013-1,2
22113020B-1,3
22065000009,5
22065000008,5
22119000024,1
220790000N4,5
22079000S17,5
22083000008,5
22017000010,1
22017000070,1
22017000155,1
22017000132,1
220690004-8,1
220690002-1,1
220690002-7,1
220690002-4,1
220290001-4,5
220250006-3,5
22039001160,5
221170004-3,4
22017000043,1
22017000099,1
22027000036,1
22017000059,1
22017000045,1
22071007-23,4
22035000014,5
22055000035,3
22041000031,5
221270006-6,5
22041000001,5
22035000017,5
22009008-2A,5
220090008-3,5
22005000057,6
22095ZZZZZZ,4
22005000030,6
22005000026,6
22005000007,6
22095004-13,2
220950007-3,2
220950007-2,2
22097000036,3
22039003010,5
220810002-3,1
22063000029,6
22111000029,5
22111000023,5
22005000020,6
22005000011,6
22005000018,6
22103000S23,4
22103000S09,4
22087000032,4
22033001-30,6
22073000077,5
22085006-4B,1
2201100027B,1
22055000074,3
22103000S21,4
22055000049,3
22055000088,3
220710001-5,2
22055000085,3
22103000302,4
22103000S01,4
22103000901,4
22125000005,5
22115004-3F,1
22105000044,4
22105000043,4
22105000145,4
22105000147,4
2210500042A,4
221150007-3,1
22019000325,1
22055000046,3
22103000107,4
22055000021,3
22049000001,5
221150001-8,1
22103000802,4
22103000430,4
22115007-5A,1
22079000C30,5
22079000S6A,5
22103000201,4
221170005-1,4
22117004-3B,4
220790000S2,5
2204700015B,3
22019000305,1
22019000333,1
22019000327,1
22047000012,6
220150002-9,1
220150004-2,1
220150002-4,1
2201900320W,1
2201900320E,1
2201900315W,1
22057005-1B,6
22051000094,2
22051000080,2
220010004-5,3
220010004-1,3
220250001-2,5
22001006-10,3
220010005-3,3
221170008-1,4
22117003-3A,4
22117004-2A,4
221170004-7,4
220010003-4,3
22105000027,6
22105000141,4
220590006-2,5
220910003-1,6
22027000096,1
22033002-15,6
22033001-95,3
220210003-2,5
22073000055,5
220790000C8,5
2210500106A,4
221150001-6,1
2204100004B,5
22035000007,5
22035000010,5
220430003-3,5
22063000023,6
220790000N8,5
22073000033,5
2211300019B,3
22083000025,5
220810007-3,1
220590008-3,5
22123000004,5
22123000009,5
221170004-5,4
2211300019A,3
22033001-37,6
22073000045,5
22105000129,4
2206300007A,6
22063000041,6
22063000039,6
2206300039B,6
2204100004A,5
22113000016,3
22033003-71,6
22033003-16,6
22033003-27,6
22033001-20,6
22033001-88,6
22033003-31,6
22033003-52,6
22073000047,5
2201502-17B,1
220690004-2,1
22069001-3A,1
2206901-10B,1
22073000043,5
22017000080,1
22017000007,1
22017000110,1
22109000084,2
2206300008A,6
22063000006,6
22109000013,2
22113000011,3
22109000043,2
22109000036,2
2206300013A,6
22041000013,5
2204100013A,5
221170004-9,4
22039001171,5
22009006-2A,5
22085003-6A,1
22019000561,1
22055000078,3
22055000054,3
22103000921,4
22019000312,1
22055000090,3
22055000105,3
22055000061,3
22055000001,3
22103000916,4
22031000006,1
22049000018,5
22103000S05,4
22103000705,4
220570003-1,2
220890005-1,2
22051000032,4
22067000007,5
22031000030,1
220570010-5,2
22019000326,1
22031000023,1
22051000152,2
220510008-K,2
22019000369,3
2201900319S,1
2201900319N,1
2205100194A,2
22051000200,2
2205100216C,2
2201100016B,1
22051000030,4
22051000198,2
22051000076,2
220510002-H,2
220070004-1,6
220070002-5,6
2205100179A,2
220510028-K,2
220570002-4,6
2205100185A,2
22049000013,5
2204900013A,5
220510024-K,2
22051000077,2
220510012-K,2
22051000176,2
22051000066,2
22051000118,2
22051000229,2
221270007-7,5
22051000095,2
22109000061,2
22109000032,2
220450006-5,3
220710006-6,4
22071007-20,4
22071013-10,2
22071003-18,4
220710007-5,4
220710001-1,2
22071017-18,4
220030001-6,5
22115001-6B,1
2207115-14A,4
22071007-27,4
22071009-11,4
2207109-31B,4
220710009-5,4
220710017-8,2
22033002-22,6
22033002-33,6
220330002-8,6
22071009-21,4
2207115-13B,4
22071009-40,4
22071012-10,2
22033001-21,6
22097000043,3
22033003-34,6
2207115-18E,2
22071007-14,4
22071007-18,4
22071008-23,4
220710013-2,2
220710016-5,2
22039001101,5
22009011-2A,5
22009007-3B,5
2207115-19C,4
22071014-10,2
220710014-6,2
220710013-8,2
22071007-19,4
22071007-28,4
220450010-2,3
220130006-4,1
22039001080,5
22017000063,1
220610004-6,5
220710013-7,2
22071013-16,2
22071013-13,2
220710009-4,4
22071009-31,4
22071015-13,4
2207109-41B,4
22071011-12,2
22071003-15,4
22071009-13,4
22065000011,5
220030005-9,5
2201504-11B,1
22069001-14,1
22073000061,5
22073000075,5
220690001-9,1
22017000014,1
22017000098,1
22017000108,1
220030003-1,1
220030001-4,5
22017000021,1
22113046B-2,3
2201502-22A,1
220150002-7,1
22055000082,3
22035000005,5
22103000S08,4
22039004020,5
22005000012,6
220950004-2,2
22037000014,5
22083000004,5
220810006-1,1
2206300024B,6
22005000055,6
220950005-7,2
22063000043,6
22005000023,6
22005000024,6
22055000026,3
220590003-1,5
220330001-8,3
22111000019,5
22073000078,5
22067000047,5
22101000003,3
22047000014,3
220850001-3,1
22085005-8A,1
22055000075,3
220850009-1,1
22055000124,3
22055000029,3
22055000110,3
22055000083,3
22105000104,4
220490019AI,5
221150004-3,1
22019000330,3
22105000074,4
22079000N23,5
22117004-11,4
22047000024,3
22047000023,3
22067000012,5
220130005-4,1
22101000031,3
22031000004,1
2201502-22B,1
220510010-G,2
22051000079,2
220010007-3,3
220010005-1,3
22023000008,3
220250004-1,5
2210500045A,4
220210004-2,5
22033003-58,6
220330003-9,6
2210500129A,4
22115001-7B,1
220790000N7,5
220590008-2,5
22073000062,5
2211300008B,3
2202300005N,3
22123000007,5
22039005020,5
22039001140,5
2206300040A,6
22117004-10,4
220610010-2,5
22119000013,1
22041000002,5
22033001-28,6
220150001-5,1
2203301-100,3
220690003-6,1
220690001-7,1
220690002-9,1
22073000054,5
22073000042,5
22073000007,5
22073000009,5
22027000087,1
220910006-1,6
2206300008B,6
22115002-3A,1
22109000085,2
220130002-1,1
22085002-4A,1
22019000367,3
22019000161,1
22055000013,3
22055000012,3
22055000080,3
2204900005A,5
22051000105,2
22051000133,2
22067000021,5
220570010-6,2
22019000334,1
220510026-K,2
220070007-2,3
22051000086,2
22051000235,2
22051000010,2
22101000018,3
22057010-12,2
220510022-K,2
22051000196,2
22051000039,4
22051000016,4
22051000037,4
22051000061,2
2204700013C,3
220790000S5,5
22051000128,2
221270004-1,5
220710017-1,2
22077000006,5
220710006-4,4
220710010-3,2
22033001-74,6
221270007-2,5
22105000106,4
2207109-43G,4
22071004-22,4
22033001-14,6
22033002-10,6
220330001-9,6
22071015-17,4
22071009-17,4
22033001-33,6
220330003-6,6
22105000108,4
220610007-1,5
220710016-4,2
22127006-1A,5
2210700005A,5
22109000020,2
22071009-33,4
22071017-17,4
220710017-3,2
22071005-10,4
220090008-1,5
22039003052,5
22115001-6A,1
220710008-6,4
22017000024,1
22015004-4A,1
22071009-15,4
2207109-38A,4
22071017-13,2
220330003-1,6
22073000038,5
22017000026,1
22017000068,1
22017000056,1
22017000128,1
220290004-2,5
22027000021,1
22017000162,1
22017000105,1
22017000095,1
220710004-7,4
220710011-4,2
220710017-6,2
22017000048,1
22121000009,3
22097000003,5
22103000202,4
22037000013,5
220590007-1,5
22111000013,5
22033001-25,6
22111000015,5
220850002-3,1
22103000S13,4
22055000016,3
220710005-9,4
22105000137,6
2201100013A,1
22103000408,4
2201900332S,1
2201900332N,1
22031000038,1
22039001020,5
22051000101,4
22069001-1A,1
22023000012,3
220250006-5,5
220910001-2,6
22033003-26,6
22033003-64,6
22033003-36,6
221150003-1,1
220430004-2,5
220430005-1,5
22073000020,5
22063000022,6
22079000S29,5
220450010-7,3
220210003-3,5
22027000092,1
221150003-3,1
22033003-43,6
22033001-55,6
22033001-75,6
22015002-10,1
22069001-13,1
220250007-5,5
220810003-3,1
220290005-4,5
2206300001D,6
221170005-2,4
22079000C35,5
220690003-8,1
220690003-3,1
22109000009,2
221170005-3,4
22019000301,1
22055000097,3
22019000600,1
2201900162W,1
220570008-1,2
22051000127,2
220670039-2,5
220670039-1,5
22019000163,1
22101000041,3
22057010-14,2
22057010-16,2
220510002-W,2
2205100194B,2
22051000067,2
22051000085,4
2204900019A,5
22049000020,5
220710011-3,2
22071014-12,2
22033001-59,6
22115001-1B,1
220030002-3,1
22097000005,5
22033001-29,6
22071007-13,4
220710016-3,2
22105000026,6
22039001170,5
2207109-39B,4
22071008-19,4
22071003-14,4
220710007-4,4
220090002-8,5
22071014-17,2
22071007-16,4
2203301-103,6
22033003-28,6
2207109-43I,4
2207109-43B,4
22017000062,1
22073000006,5
22017000011,1
22071007-25,4
22065000012,5
2203500005A,5
22041000021,5
220030001-3,5
220710014-4,2
220710011-5,2
22071017-16,4
220710017-7,2
220710012-3,2
22071012-12,2
22073000058,5
22125000006,5
22125000008,5
22005000052,6
220130004-2,1
22125000002,5
22127003-1B,5
2206300011A,6
22087000054,4
220590007-2,5
22103000M03,4
22033001-57,6
220850002-4,1
2207115-14D,4
22105000102,4
2210500137B,4
22019000701,1
2210500121A,6
22103000803,4
22049000003,5
22117004-5B,4
22047000025,3
22101000038,3
220590008-5,5
22023000015,3
22063000036,6
22113000038,3
220810006-2,1
220250006-2,5
22109000088,2
220610004-2,5
2210700004A,5
22055000044,3
22103000306,4
22067000023,5
22031000011,1
22019000700,1
22051013-KB,2
22051013-KA,2
220570002-9,6
22051000026,4
220510003-H,2
22051000036,4
220510006-H,2
22051000002,2
22071010-11,2
220710005-2,4
22071014-25,2
220710007-2,4
22071007-17,4
2207109-44D,4
2207115-17A,4
22071010-13,2
22071013-15,2
2207109-44G,4
22071008-20,4
22017000154,1
220790N13-B,5
220790N13-A,5
22079000N22,5
22017000065,1
220210005-2,5
22027000081,5
220710010-8,2
22121000006,3
22111000018,5
22005000044,6
2206300004A,6
22005000041,6
22103000307,4
22071017-10,2
22031000022,1
220070005-3,3
220890007-1,2
22119000038,1
2206300026C,6
22077000002,5
22115001-3B,1
22113000041,3
22017000028,1
22097000017,3
220290004-3,5
2204900011A,5
22049000011,5
22103000313,4
22051000100,4
2205100216B,2
22047000005,3
220570007-3,2
220910003-2,6
22051000042,4
22051000041,4
220710015-1,4
22071007-10,4
22033001-50,6
22087000045,4
2207115-14F,4
22039001161,5
22071009-37,4
22033003-54,6
22017000020,1
22073000019,5
22079000N26,5
22083000030,5
22005000045,6
22103000427,4
22103000S04,4
22109000082,2
22071007-12,4
22103000402,4
22105000116,4
2210500115B,4
2212100007A,3
2212100007B,3
22067000006,5
2201900316E,1
2210500120B,4
220330002-4,6
22033003-46,6
22109000019,2
22041000018,5
22085006-4A,1
22051000132,2
22051000035,4
22051000034,4
2201900460E,1
220510035-K,2
22051000130,2
22051000117,2
220510007-H,2
220710016-6,2
220710016-2,2
22109000089,2
22017000004,1
22101000020,3
22031000021,1
2212100013A,3
2212100013B,3
220510011-K,2
2205100238A,2
2205100238B,2
220590001-2,5
22115004-3L,1
22069003-10,1
2201502-12B,1
221170008-3,4
22103000A03,4
22019000663,1
2201100027D,1
220570006-4,2
22051000065,2
22051000093,2
22051000108,2
22071011-13,2
2207115-14C,4
22071009-38,4
220710012-8,2
22071007-29,4
22039001081,5
22039001162,5
22017000092,1
2203500005B,5
22005000014,6
22005000054,6
22005000042,6
220810001-2,1
22109000068,2
22055000003,3
22033001-81,6
22063000040,6
22041000033,5
220250009-1,5
22055000056,3
22051000004,4
22051000064,2
220710006-7,4
221270005-1,5
22039004021,5
221150006-4,1
22115001-8A,1
22113020A-2,3
22039005050,5
22041000022,5
2201900313W,3
220570003-2,2
220070006-2,6
22009002-2B,5
22009002-2D,5
22035000004,5
22005000022,6
22073000044,5
22011000013,1
220510012-G,2
22111000008,5
22009002-5B,5
22073000032,5
220510009-K,2
2201502-12C,1
22029005-2B,5
220290005-2,5
22071015-19,4
22097000042,3
220250009-4,5
22033003-53,6
22115001-4D,1
22103000207,4
22053000017,1
2207109-31A,4
2207109-43K,4
22125000007,5
220810007-1,1
22115001-2A,1
220250001-3,5
22123000015,5
22103000912,4
22019000323,3
22051000174,2
220510005-H,2
22115001-4A,1
22105000127,4
22009008-2B,5
22033003-45,6
22033003-66,6
22051000170,2
22089ZZZZZZ,4
220810007-2,1
22115001-8F,1
2210500070A,4
220250003-3,5
2201900160E,1
22039004040,5
220130003-4,1
220610001-3,5
22051000138,2
220610012-2,5
220250001-4,5
22127003-2A,5
22111000009,5
220250003-4,5
220610012-5,5
22039004012,5
22127004-2A,5
22115001-3D,1
22115001-8E,1
2201502-11A,1
22115001-3C,1
22115001-7A,1
22115001-4C,1
22115001-8C,1
